1	2	3	
1	4	
5	6	
5	7	8	
7	9	10	
9	11	12	
11	13	14	
15	16	
17	18	
19	20	
21	22	
23	24	25	
26	27	28	
2	26	29	
4	30	31	
8	30	32	
10	33	34	
33	35	36	
13	35	37	
15	37	38	
38	39	40	
39	41	
41	42	
42	43	44	
17	43	45	
45	46	
19	47	48	
23	49	
47	49	50	
27	31	51	
51	52	53	
32	54	55	
52	54	56	
34	55	57	
36	58	59	
40	58	60	
44	61	
46	48	62	
50	63	64	
65	66	
67	68	
53	67	69	
56	70	71	
70	72	
57	72	73	
59	73	74	
60	75	
61	76	
62	77	78	
76	77	79	
63	78	80	
69	71	81	
74	82	
75	82	83	
83	84	
84	85	
79	86	
80	87	
87	88	
89	90	
91	92	
89	93	94	
81	93	95	
95	96	
85	97	98	
97	99	100	
99	101	
86	101	102	
102	103	
94	104	
104	105	106	
96	105	107	
107	108	
109	110	
109	111	
98	112	
100	113	
103	114	115	
114	116	
106	117	118	
117	119	120	
108	119	121	
110	121	122	
111	123	124	
112	125	126	
123	125	127	
113	126	128	
128	129	130	
129	131	132	
115	131	
116	133	
118	134	
120	135	136	
135	137	138	
122	137	139	
124	139	140	
127	141	142	
130	141	143	
132	144	145	
144	146	147	
133	146	
148	
134	148	149	
136	149	150	
138	151	152	
151	153	154	
140	153	155	
142	155	156	
156	157	
143	158	159	
145	158	160	
147	161	
162	163	
150	162	164	
152	164	165	
154	166	
157	159	
167	168	
160	167	169	
161	169	170	
170	171	
163	172	173	
172	174	175	
165	174	176	
166	176	
168	177	
171	177	178	
173	179	
175	180	181	
180	182	
178	183	
183	184	
184	185	
179	181	186	
186	187	
182	188	
189	190	
189	191	
187	192	193	
188	192	194	
190	195	
191	196	197	
193	196	
194	198	
198	199	200	
199	201	
201	202	
203	204	
195	203	205	
205	206	207	
197	206	
200	208	209	
208	210	
202	211	212	
204	213	214	
213	215	216	
207	215	217	
217	218	
210	219	
209	211	220	
220	221	
212	222	
222	223	
223	224	
225	
226	227	
216	228	229	
218	230	231	
230	232	
219	233	234	
221	233	235	
224	236	237	
236	238	
225	239	240	
241	242	
228	241	243	
229	231	244	
244	245	
232	246	247	
234	246	248	
235	249	
237	250	
239	251	252	
238	251	253	
252	254	255	
243	256	
245	257	258	
247	257	259	
248	260	261	
260	262	263	
249	261	264	
264	265	266	
265	267	
267	268	
269	270	271	
253	272	273	
250	269	272	
273	274	275	
254	274	276	
277	278	
256	277	279	
279	280	281	
258	280	282	
259	262	283	
283	284	285	
263	286	287	
266	286	288	
268	270	289	
289	290	291	
271	292	293	
275	292	294	
276	295	296	
297	298	
281	299	
299	300	301	
300	302	303	
282	284	302	
285	304	305	
287	304	306	
307	308	309	
288	307	310	
290	310	
291	311	312	
293	311	
294	313	314	
313	315	
295	314	
297	316	317	
301	318	319	
303	320	321	
305	320	322	
322	323	324	
306	308	325	
323	325	
309	326	
327	328	
312	327	329	
330	331	
315	330	332	
316	318	333	
333	334	335	
319	336	337	
321	336	338	
338	339	340	
324	339	
326	328	341	
341	342	343	
329	331	344	
344	345	346	
332	347	
334	348	349	
335	337	350	
350	351	
340	352	
353	354	
342	353	355	
343	345	356	
346	357	358	
357	359	
347	359	
348	360	361	
214	242	362	
351	360	363	
352	364	
365	366	
354	365	367	
355	368	369	
356	368	370	
370	371	372	
358	371	
373	374	375	
363	376	377	
373	376	378	
377	379	
380	381	
364	380	382	
366	382	383	
383	384	
367	385	386	
384	385	387	
369	386	388	
388	389	390	
372	389	391	
378	392	
393	394	
379	381	393	
387	395	
390	395	396	
391	397	398	
397	399	
399	400	
65	91	401	
392	402	403	
394	402	404	
405	406	
396	405	407	
398	407	408	
408	409	410	
400	409	
403	411	412	
411	413	414	
404	415	416	
415	417	
406	418	419	
410	420	421	
413	422	
414	416	
417	423	
424	425	
418	424	
419	420	426	
21	92	426	
421	427	
22	427	
423	428	
428	429	
429	430	
226	430	431	
401	425	431	
432	433	434	
435	436	
437	438	
439	440	
441	442	
441	443	
444	445	
437	444	446	
447	448	
439	447	
440	442	449	
449	450	451	
443	452	453	
445	454	
454	455	456	
446	457	458	
448	450	459	
451	452	460	
453	461	
461	462	463	
462	464	
464	465	
455	465	466	
456	467	
457	467	468	
66	227	
459	469	
469	470	
470	471	
460	471	472	
472	473	474	
463	473	475	
466	476	
20	477	478	
474	479	
475	480	
480	481	482	
483	484	
476	483	485	
485	486	
487	488	
487	489	490	
479	491	492	
481	491	
482	484	493	
486	489	494	
494	495	496	
497	498	499	
500	501	
500	502	
492	502	
493	503	
503	504	
495	504	
496	505	506	
505	507	508	
509	510	
509	511	
511	512	513	
512	514	
501	515	516	
506	517	
517	518	519	
510	520	
520	521	522	
513	523	524	
514	515	525	
525	526	527	
516	528	
528	529	
530	531	
518	530	532	
521	533	
522	523	534	
534	535	
535	536	537	
524	526	536	
527	538	539	
529	538	
540	541	
531	540	542	
532	543	544	
537	545	546	
539	545	547	
547	548	
549	550	
541	549	551	
542	552	553	
543	552	554	
554	555	
546	556	
548	557	558	
559	560	
559	561	
560	562	
562	563	564	
550	563	
551	565	566	
565	567	
553	566	
556	568	
557	568	569	
558	561	570	
570	571	572	
564	573	
567	574	
569	575	
571	575	576	
572	577	
577	578	579	
573	580	581	
582	583	
574	582	584	
585	586	
587	588	
576	587	589	
578	589	590	
579	580	591	
581	583	592	
592	593	
584	594	
594	595	596	
585	595	597	
597	598	599	
588	600	
590	601	
601	602	603	
591	602	604	
593	604	605	
596	606	
606	607	608	
598	607	609	
600	610	
610	611	612	
611	613	
613	614	615	
603	614	616	
616	617	
605	617	
608	618	619	
620	621	
612	622	
615	623	
618	624	
624	625	
625	626	627	
619	626	628	
432	620	
622	623	629	
629	630	
627	631	632	
433	633	
630	634	
631	635	
633	636	
636	637	
638	639	
634	638	640	
641	642	
637	643	
644	645	
639	644	646	
640	647	
647	648	649	
650	651	
643	650	652	
645	652	653	
653	654	655	
646	656	657	
648	656	658	
649	659	
659	660	
661	662	
651	663	664	
654	663	665	
655	657	666	
666	667	668	
667	669	670	
658	669	
660	671	672	
671	673	
497	661	
3	674	675	
664	674	
6	665	676	
12	668	676	
14	670	677	
672	678	
16	677	678	
673	679	
18	679	680	
680	681	
477	681	
24	478	498	
25	682	683	
682	684	685	
684	686	
687	688	
687	689	690	
691	692	693	
694	695	
694	696	697	
698	699	
685	700	
689	701	
696	702	703	
698	702	704	
700	705	706	
705	707	
708	709	
701	708	710	
710	711	712	
711	713	
703	713	714	
714	715	
715	716	717	
704	716	
706	718	719	
718	720	721	
707	722	723	
709	722	724	
724	725	726	
712	725	727	
717	728	
729	
88	720	730	
721	731	732	
723	731	733	
733	734	735	
726	734	736	
727	737	
728	738	
739	740	
729	741	742	
730	743	
732	744	745	
743	744	746	
735	745	747	
736	748	
737	748	749	
749	750	
751	752	
738	739	753	
751	753	754	
740	741	755	
755	756	
742	757	
746	758	
747	759	
759	760	761	
750	762	763	
752	762	764	
754	765	
756	766	767	
757	768	
768	769	770	
758	760	
761	771	
763	772	
772	773	774	
773	775	776	
764	775	
765	766	
767	769	777	
777	778	
770	779	
779	780	781	
771	782	
783	784	
774	783	785	
776	786	
778	787	
780	788	789	
790	791	
782	790	792	
784	792	793	
793	794	795	
785	796	797	
794	796	798	
786	797	799	
787	788	800	
800	801	802	
791	803	804	
795	803	805	
798	806	807	
799	808	
806	808	809	
801	810	
691	811	
802	812	813	
804	814	
805	815	816	
807	815	817	
809	818	819	
818	820	
821	822	
821	823	
810	823	824	
824	825	826	
812	825	827	
827	828	829	
830	831	
830	832	
814	833	834	
816	833	835	
835	836	837	
817	836	838	
819	838	839	
820	840	841	
822	840	842	
826	843	
843	844	845	
828	844	846	
185	831	847	
847	848	
832	849	850	
849	851	852	
834	850	853	
853	854	855	
837	854	856	
839	857	858	
857	859	860	
841	858	861	
861	862	863	
842	864	
864	865	866	
865	867	
845	868	869	
848	851	
852	870	871	
855	870	872	
856	873	
859	873	874	
860	862	875	
863	876	
866	876	877	
878	879	880	
867	868	878	
869	881	882	
871	883	
872	884	
884	885	886	
887	888	
874	887	889	
889	890	891	
875	890	892	
892	893	
893	894	895	
877	894	896	
879	896	897	
880	898	899	
881	898	900	
900	901	902	
883	885	
886	903	904	
888	903	905	
905	906	
891	906	907	
907	908	
895	909	910	
897	911	912	
899	911	913	
913	914	915	
901	914	916	
904	917	
908	909	
910	918	919	
912	918	920	
920	921	922	
915	921	923	
240	924	
925	926	
917	927	928	
927	929	
928	930	
931	932	
931	933	934	
919	933	935	
922	935	936	
923	937	
937	938	939	
924	925	940	
255	940	941	
926	942	943	
929	942	944	
930	945	946	
945	947	
932	948	
948	949	950	
934	951	
936	952	
953	954	
953	955	956	
64	719	
941	957	958	
943	957	
944	959	
946	959	
947	949	
950	960	
960	961	962	
951	961	963	
963	964	965	
952	964	966	
954	966	967	
955	968	969	
296	958	
962	970	971	
965	972	973	
972	974	
967	974	975	
968	975	976	
970	977	
971	973	
976	978	
977	979	
979	980	
980	981	982	
981	983	
983	984	
984	985	986	
985	987	
982	988	
986	989	
987	990	991	
992	993	
988	992	994	
994	995	
989	995	996	
990	997	
993	998	
996	999	1000	
998	999	
692	1000	
690	695	1001	
693	997	1002	
938	956	1003	
1004	1005	
1004	1006	
1006	1007	
1008	1009	
1008	1010	
1010	1011	
1005	1012	1013	
1012	1014	1015	
1007	1014	1016	
1016	1017	
1018	1019	
1009	1018	
1013	1020	
1020	1021	
1015	1022	1023	
1017	1019	
1021	1022	1024	
1023	1025	
1025	1026	1027	
1028	1029	
1028	1030	
1030	1031	1032	
1031	1033	
1033	1034	1035	
1034	1036	
1036	1037	1038	
1024	1037	1039	
1026	1039	1040	
1027	1041	
1041	1042	1043	
1042	1044	
1029	1045	1046	
435	1045	
1046	1047	1048	
1032	1047	1049	
1035	1050	
1038	1051	
1051	1052	
1040	1052	1053	
1053	1054	
1043	1054	1055	
1044	1056	1057	
1056	1058	
1058	1059	
1059	1060	1061	
1060	1062	
436	1063	1064	
1048	1063	1065	
1049	1066	1067	
1050	1066	
1055	1068	
1068	1069	1070	
1057	1069	1071	
1071	1072	
1061	1073	1074	
438	1064	1075	
1065	1076	1077	
1067	1076	
1070	1078	
1072	1073	1079	
1074	1080	
1075	1081	1082	
1077	1081	
1078	1083	1084	
1083	1085	1086	
1079	1085	1087	
1087	1088	1089	
1088	1090	
458	1082	
1091	1092	
1084	1091	1093	
1092	1094	1095	
1093	1096	1097	
1086	1098	1099	
1089	1098	
1094	1100	
1095	1096	1101	
1097	1099	1102	
1102	1103	
1104	1105	
1104	1106	
1107	1108	
1100	1107	1109	
1109	1110	1111	
1101	1110	
1103	1112	
1112	1113	1114	
1113	1115	
1105	1116	1117	
1116	1118	1119	
1106	1120	
1120	1121	1122	
1123	1124	
1123	1125	
1108	1125	1126	
1126	1127	
1111	1127	
1114	1128	
1128	1129	1130	
1118	1131	1132	
1121	1131	
1122	1133	1134	
1124	1133	
1135	1136	
1129	1135	1137	
507	1138	1139	
1132	1138	1140	
1140	1141	1142	
1141	1143	
1134	1143	1144	
1144	1145	
1136	1146	
1147	1148	
519	1139	1149	
1149	1150	1151	
1142	1150	
1145	1152	
1146	1153	1154	
1153	1155	1156	
1151	1157	
1152	1158	
1154	1159	
1159	1160	
1160	1161	
544	1157	1162	
1163	1164	
1158	1163	1165	
1165	1166	
1162	1167	
1168	1169	
1164	1168	1170	
1166	1171	1172	
1171	1173	
555	1174	1175	
1167	1174	1176	
1169	1176	1177	
1177	1178	1179	
1170	1180	1181	
1178	1180	
1172	1181	
1173	1182	
1182	1183	
1184	1185	
1184	1186	
1175	1187	
1179	1188	1189	
1183	1190	
1190	1191	
1192	1193	1194	
1192	1195	
1185	1195	1196	
1197	1198	
699	1147	1199	
1200	1201	1202	
1188	1200	
1189	1203	
1204	1205	
1191	1193	1204	
1194	1206	1207	
1196	1197	1208	
1206	1208	
599	1201	1209	
1203	1210	
1210	1211	1212	
1213	1214	
1213	1215	1216	
1215	
1205	1217	1218	
1207	1217	
609	1219	1220	
1209	1219	
1211	1221	
1212	1214	1222	
1216	1223	1224	
1223	1225	
1226	1227	
1225	1226	1228	
1218	1227	1229	
1220	1230	1231	
1230	1232	
1221	1232	1233	
1233	1234	1235	
1234	1236	1237	
1222	1236	1238	
1224	1238	1239	
1228	1240	1241	
1229	1242	1243	
1240	1242	
1243	1244	
1244	1245	1246	
1245	
628	1231	1247	
1247	1248	
1235	1249	1250	
1237	1251	1252	
1239	1253	1254	
1251	1253	1255	
1254	1256	
1241	1256	1257	
1246	1258	
632	1248	1259	
1249	1260	
1250	1252	1261	
1261	1262	1263	
1255	1264	1265	
1266	1267	
1257	1266	1268	
1268	1269	
1258	1270	
1271	1272	1273	
1259	1271	1274	
1260	1274	1275	
1275	1276	1277	
1262	1276	1278	
1263	1264	1279	
1279	1280	1281	
1265	1267	1282	
1282	1283	
1269	1284	
1270	1284	1285	
1285	1286	1287	
635	641	1272	
1273	1288	1289	
1277	1288	1290	
1278	1280	1291	
1281	1283	1292	
1286	1293	
1287	1294	
1294	1295	
642	1296	1297	
1289	1296	1298	
1290	1299	1300	
1299	1301	1302	
1291	1300	1303	
1303	1304	1305	
1304	1306	1307	
1292	1306	
1293	1308	
1295	1309	
697	1199	1310	
1311	1312	1313	
1298	1301	1314	
1311	1314	1315	
1302	1316	1317	
1305	1316	1318	
1307	1319	1320	
1308	1321	1322	
1309	1321	
499	1312	1323	
1315	1324	1325	
1317	1324	1326	
1318	1319	1327	
1327	1328	1329	
1320	1330	
1330	1331	1332	
1148	1333	
1322	1333	
683	1323	1334	
1325	1334	1335	
1326	1336	1337	
686	1335	1336	
688	1328	1337	
1001	1329	1331	
1310	1332	
662	1297	1313	
488	1117	1338	
1137	1155	1339	
490	508	1119	
586	1187	1202	
468	1338	
1156	1161	1340	
1341	1342	
1341	1343	1344	
1343	1345	
1342	1346	1347	
1346	1348	1349	
1345	1348	1350	
1350	1351	
1347	1352	
1352	1353	1354	
1349	1355	1356	
1355	1357	1358	
1351	1357	1359	
1359	
1353	1360	
1354	1356	1361	
1358	1362	
1363	1364	
1360	1363	1365	
1365	1366	
1366	1367	1368	
1361	1367	1369	
1362	1369	1370	
1364	1371	
1371	1372	
1368	1373	1374	
1373	1375	1376	
1370	1375	1377	
1377	1378	
1372	1374	1379	
1376	1380	1381	
1380	1382	1383	
1378	1382	1384	
1384	1385	
1385	1386	1387	
1386	1388	
781	1389	
1390	1391	
1379	1390	1392	
1381	1392	1393	
1383	1394	1395	
1387	1396	1397	
1396	1398	
1389	1399	
1391	1400	
1400	1401	1402	
1393	1401	1403	
1394	1403	1404	
1395	1405	
1397	1405	1406	
1406	1407	
789	1408	1409	
1399	1408	1410	
1410	1411	1412	
1411	1413	
1413	1414	
1402	1415	1416	
1404	1415	1417	
1417	1418	1419	
1407	1420	
1421	1422	1423	
1412	1421	
1414	1424	
1424	1425	
1416	1426	
1426	1427	1428	
1418	1427	
1419	1420	
829	1422	1429	
1425	1430	
1430	1431	1432	
1431	1433	
1433	1434	1435	
1428	1434	1436	
1437	1438	1439	
1429	1437	
1432	1440	
1435	1441	1442	
1436	1443	
846	1438	1444	
1439	1445	
1440	1441	
1442	1446	1447	
1443	1446	1448	
1448	1449	
1450	1451	1452	
882	1444	1450	
1445	1451	
1453	1454	
1447	1453	1455	
1455	1456	1457	
1449	1456	
902	1452	1458	
1458	1459	
1454	1460	1461	
1457	1460	1462	
1459	1463	1464	
1465	1466	
1465	1467	1468	
1467	1469	
1461	1469	1470	
1462	1471	1472	
1471	1473	
1474	
916	1463	1475	
939	1475	1476	
1464	1477	1478	
1477	1479	
1479	1480	
1466	1480	1481	
1468	1482	1483	
1470	1484	1485	
1482	1484	1486	
1472	1485	1487	
1487	1488	1489	
1488	1490	1491	
1473	1490	1492	
1474	1492	1493	
1493	1494	1495	
1476	1478	1496	
1496	1497	
1481	1498	1499	
1483	1498	1500	
1486	1501	1502	
1489	1501	1503	
1491	1504	1505	
1494	1504	1506	
1495	1507	
1507	1508	
1003	1497	1509	
1510	1511	
1499	1510	1512	
1512	1513	1514	
1500	1513	1515	
1502	1515	1516	
1503	1517	1518	
1505	1517	1519	
1506	1520	1521	
1508	1520	1522	
969	1523	1524	
1509	1523	
1525	1526	
1511	1525	1527	
1527	1528	1529	
1514	1528	1530	
1516	1531	1532	
1531	1533	1534	
1518	1532	1535	
1535	1536	
1519	1537	1538	
1536	1537	1539	
1521	1538	1540	
1540	1541	1542	
1541	1543	1544	
1522	1543	1545	
1545	1546	
1546	1547	1548	
1524	1549	1550	
1549	1551	
1526	1551	1552	
1529	1553	1554	
1530	1533	1555	
1555	1556	1557	
1534	1558	
1539	1559	1560	
1542	1559	1561	
1544	1562	1563	
1547	1562	1564	
978	1550	1565	
1552	1553	1566	
1566	1567	
1554	1556	1568	
1557	1569	1570	
1558	1569	1571	
1572	1573	
1571	1572	1574	
1560	1573	1575	
1561	1576	1577	
1563	1576	1578	
1564	1579	1580	
1565	1581	
1581	1582	
1567	1583	1584	
1568	1583	1585	
1585	1586	1587	
1570	1586	1588	
1588	1589	1590	
1574	1589	1591	
1575	1592	1593	
1592	1594	1595	
1577	1593	1596	
1596	1597	1598	
1597	1599	
1578	1599	1600	
1579	1600	1601	
1601	1602	
991	1582	1603	
1604	1605	
1604	1606	1607	
1584	1606	1608	
1608	1609	1610	
1587	1609	1611	
1611	1612	1613	
1590	1612	1614	
1591	1594	1615	
1615	1616	1617	
1595	1618	1619	
1598	1618	1620	
1603	1605	1621	
1621	1622	
1607	1623	1624	
1610	1623	1625	
1613	1626	1627	
1614	1616	1628	
1617	1619	1629	
1620	1630	
1622	1631	1632	
1624	1633	1634	
1631	1633	1635	
1625	1626	
1627	1636	
1628	1636	1637	
1637	1638	
1629	1639	1640	
1638	1639	
1640	1641	
1630	1641	
1002	1632	1642	
1635	1643	1644	
1634	1645	
1645	1646	
1642	1647	1648	
811	1647	1649	
1643	1648	
1644	1646	1650	
1649	1651	
1652	1653	
1650	1652	
1651	1654	
1653	1655	
1654	1656	
1656	1657	1658	
1655	1657	
1658	1659	
1659	1660	1661	
1660	1662	
1663	1664	
1661	1663	1665	
1662	1666	
813	1409	1423	
1667	
1388	1668	
1664	1669	
1665	1670	1671	
1670	1672	1673	
1666	1672	1674	
1674	1675	
1669	1676	1677	
1011	1676	1678	
1671	1677	1679	
1679	1680	1681	
1673	1682	1683	
1682	1684	1685	
1675	1684	1686	
1686	1687	
1678	1688	
1680	1688	
1681	1683	
1685	1689	1690	
1689	1691	1692	
1687	1691	1693	
1693	1694	
1694	1695	
1690	1696	
1692	1697	1698	
1695	1699	
1700	1701	
1696	1700	1702	
1697	1702	1703	
1698	1704	
1704	1705	1706	
1699	1705	
1707	1708	
1709	1710	
1709	1711	
1712	1713	
1712	1714	
1714	1715	1716	
1701	1715	1717	
1703	1718	
1718	1719	1720	
1706	1719	1721	
1721	1722	
1707	1723	
1708	1710	1724	
1724	1725	1726	
1062	1713	1727	
1727	1728	1729	
1716	1728	1730	
1717	1731	
1731	1732	1733	
1720	1732	
1722	1734	
1735	1736	
1735	1737	1738	
1723	1737	1739	
1725	1739	1740	
1726	1741	
1729	1742	
1730	1743	
1743	1744	1745	
1733	1744	
1734	1736	1746	
1746	1747	1748	
1738	1749	1750	
1749	1751	1752	
1740	1751	1753	
1753	1754	1755	
1741	1754	1756	
1742	1757	
1745	1758	
1747	1759	
1748	1750	1760	
1760	1761	
1752	1762	1763	
1755	1764	
1080	1090	1765	
1757	1765	1766	
1758	1767	
1768	1769	
1759	1768	
1761	1762	1770	
1763	1764	1771	
1771	1772	
1773	1774	
1766	1773	1775	
1775	1776	
1776	1777	1778	
1777	1779	1780	
1767	1779	1781	
1781	1782	
1782	1783	1784	
1783	1785	
1769	1785	1786	
1787	1788	
1770	1787	1789	
1772	1789	1790	
1774	1791	1792	
1778	1791	1793	
1780	1794	
1784	1795	1796	
1786	1797	1798	
1797	1799	
1799	1800	
1788	1801	1802	
1801	1803	1804	
1790	1803	
1115	1792	1805	
1805	1806	1807	
1806	1808	1809	
1793	1808	
1794	1795	1810	
1810	1811	1812	
1796	1813	
1798	1813	1814	
1800	1802	1815	
1804	1816	
1130	1807	1817	
1809	1818	
1811	1819	
1812	1820	
1820	1821	
1814	1821	1822	
1822	1823	
1824	1825	
1815	1824	1826	
1826	1827	
1827	1828	1829	
1816	1828	1830	
1830	1831	
1817	1832	
1818	1833	1834	
1819	1833	1835	
1823	1825	1836	
1836	1837	
1829	1838	
1831	1839	
1339	1840	1841	
1832	1840	1842	
1834	1842	1843	
1843	1844	1845	
1835	1846	
1844	1846	1847	
1848	1849	
1837	1848	1850	
1851	1852	
1838	1853	1854	
1839	1853	
1340	1841	1855	
1856	
1855	1857	1858	
1845	1857	
1847	1859	
1849	1860	
1860	1861	1862	
1850	1863	
1851	1864	
1852	1854	1865	
1865	1866	
1858	1867	
1868	1869	
1859	1868	1870	
1861	1870	
1862	1871	1872	
1863	1871	1873	
1873	1874	1875	
1864	1874	1876	
1876	1877	1878	
1866	1877	1879	
1867	1880	
1869	1881	
1872	1882	
1882	1883	
1875	1883	1884	
1878	1885	1886	
1879	1887	
1888	1889	
1880	1890	1891	
1881	1890	1892	
1884	1885	1893	
1893	1894	
1886	1895	
1887	1896	1897	
1895	1896	1898	
1888	1897	
1899	1900	
1901	1902	
1891	1899	1903	
1903	1904	1905	
1904	1906	
1892	1906	1907	
1907	1908	
1908	1909	
1909	1910	
1910	1911	1912	
1911	1913	1914	
1894	1913	
1898	1915	
1344	1901	
1916	1917	
1905	1916	
1912	1918	
1914	1919	1920	
1919	1921	
1915	1922	
1921	1922	1923	
1918	1924	1925	
1920	1924	1926	
1926	1927	
1923	1928	
1925	1929	
1929	1930	
1927	1931	1932	
1928	1931	1933	
1933	1934	
1935	1936	
1930	1937	
1937	1938	
1932	1938	1939	
1939	1940	1941	
1934	1940	1942	
1942	1943	
1944	1945	
1943	1944	1946	
1935	1945	1947	
1947	1948	1949	
1941	1950	
1946	1951	1952	
1948	1951	1953	
1950	1954	
1952	1955	
1956	1957	
1954	1956	1958	
1958	1959	
1960	1961	
1962	1963	1964	
1955	1962	1965	
1957	1966	
1966	1967	
1959	1960	1968	
1968	1969	1970	
1971	1972	1973	
1961	1971	1974	
1965	1974	1975	
1975	1976	1977	
1967	1978	1979	
1969	1978	
1970	1972	
1973	1980	
1976	1980	1981	
1979	1982	
1982	1983	
1981	1984	
1902	1983	
1198	1917	1985	
1186	1900	1985	
1986	1987	
1988	1989	1990	
1991	1992	1993	
1994	1995	1996	
1994	1997	1998	
1999	2000	
2001	2002	2003	
1986	2004	2005	
1988	2004	2006	
2006	2007	2008	
1995	2007	
1997	2009	2010	
1999	2009	2011	
2011	2012	
2013	2014	
2001	2013	2015	
2015	2016	2017	
2005	2018	
2018	2019	
2008	2019	2020	
2021	2022	2023	
2010	2021	
2012	2024	
2025	2026	
2014	2025	2027	
2027	2028	2029	
2016	2028	2030	
2020	2031	2032	
2022	2031	
2023	2033	
2033	2034	
2034	2035	2036	
2024	2035	2037	
2026	2037	2038	
2029	2039	
2032	2040	
2040	2041	2042	
2036	2043	
2043	2044	2045	
2038	2044	2046	
2046	2047	
2039	2048	2049	
2041	2050	
2050	2051	
2042	2052	
2045	2053	
2047	2048	2054	
2055	2056	2057	
2058	2059	
2058	2060	
2051	2059	
2052	2061	
2053	2062	
2054	2063	
2063	2064	
1398	1668	2060	
2061	2065	
2065	2066	2067	
2066	2068	
2062	2069	
2067	2070	
2068	2071	2072	
2071	2073	
2073	2074	2075	
2074	2076	2077	
2069	2076	
2078	
2079	2080	2081	
2070	2079	2082	
2072	2082	2083	
2083	2084	2085	
2075	2084	2086	
2077	2087	2088	
2087	2089	
2090	2091	
2090	2092	
2078	2080	2093	
2081	2094	
2085	2094	2095	
2086	2096	2097	
2088	2096	2098	
2099	2100	2101	
2098	2099	2102	
2089	2092	2100	
2093	2103	
2103	2104	
2105	2106	
2095	2107	2108	
2105	2107	2109	
2097	2108	2110	
2110	2111	2112	
2102	2111	2113	
2101	2114	
2104	2106	2115	
2109	2116	2117	
2112	2116	2118	
2113	2119	2120	
2114	2119	2121	
2122	2123	
2115	2124	
2124	2125	2126	
2117	2127	
2125	2127	2128	
2129	2130	
2118	2129	2131	
2120	2131	2132	
2132	2133	2134	
2121	2122	2135	
2133	2135	2136	
2126	2137	
2128	2138	2139	
2130	2138	2140	
2134	2141	
2136	2142	
2137	2143	2144	
2139	2143	2145	
2140	2146	2147	
2141	2146	2148	
2142	2149	
2149	2150	2151	
2152	2153	
2152	2154	
2144	2154	2155	
2155	2156	2157	
2156	2158	2159	
2145	2158	2160	
2147	2160	2161	
2161	2162	2163	
2148	2164	
2162	2164	2165	
2153	2166	
2157	2167	
2166	2167	2168	
2159	2169	2170	
2163	2169	2171	
2165	2172	
2168	2173	
2170	2174	
2171	2175	2176	
2172	2175	2177	
2173	2178	
2178	2179	
2179	2180	2181	
2174	2180	2182	
2176	2182	2183	
2183	2184	2185	
2184	2186	2187	
2177	2186	2188	
2188	2189	
2189	
1548	2190	
2181	2191	
2185	2191	2192	
2187	2193	
2190	2194	
2192	2195	
2195	2196	2197	
2193	2196	2198	
2198	2199	2200	
2199	2201	
1580	2194	2202	
2203	2204	
2197	2203	2205	
2200	2206	
2207	2208	
2201	2207	
2202	2209	
2204	2210	
2205	2206	2211	
2209	2212	2213	
1602	1667	2212	
2213	
2214	2215	
2214	
2210	2215	2216	
2211	2217	2218	
2217	2219	
2218	2220	
2055	2221	2222	
2216	2223	
2219	2223	2224	
2220	2225	
2225	2226	
2227	2228	
2224	2227	
2226	2229	2230	
2229	2231	
2228	2232	
2230	
2232	2233	
2234	
2233	2235	
2234	2236	2237	
2236	2238	
2235	2237	2239	
2239	2240	
2238	2241	2242	
2240	2243	2244	
2241	2245	
2242	2243	2246	
2244	2247	
2247	2248	2249	
2248	2250	
2056	2251	
2245	2252	
2246	2253	2254	
2252	2253	2255	
2254	2256	2257	
2249	2256	2258	
1991	2250	2251	
2255	2259	
2257	2260	
2258	2261	2262	
1992	2261	
1993	2221	2263	
2002	2264	
2259	2265	
2260	2265	2266	
2266	2267	2268	
2262	2269	
2267	2269	2270	
2271	2272	
2263	2271	2273	
2273	2274	
2268	2275	
2270	2276	
2272	2277	
2278	2279	
2278	2280	
2279	2281	
2281	2282	
2275	2283	
2276	2284	2285	
2284	2286	
2277	2285	2287	
1711	2280	2288	
2282	2289	2290	
2289	2291	
2291	2292	
2293	2294	
2283	2293	2295	
2295	2296	
2286	2296	2297	
2298	2299	
2287	2298	
2288	2300	
2300	2301	
2290	2302	
2292	2294	2303	
2297	2304	
2299	2304	2305	
2301	2306	2307	
2306	2308	
2309	2310	2311	
2308	2309	
2302	2310	2312	
2312	2313	
2313	2314	2315	
2303	2314	2316	
2316	2317	
2305	2318	
2307	2319	
1989	1996	2320	
2311	2321	
2321	2322	2323	
2315	2322	2324	
2324	2325	2326	
2317	2325	2327	
2327	2328	
2329	2330	
2318	2329	2331	
2331	2332	
2323	2333	
2326	2334	2335	
2334	2336	
2336	2337	2338	
2328	2337	2339	
2330	2339	2340	
2340	2341	2342	
2332	2341	2343	
2333	2344	2345	
2335	2344	
2338	2346	2347	
2342	2346	2348	
2343	2349	2350	
2348	2349	2351	
2350	2352	
2353	2354	
2345	2353	2355	
2355	2356	
2357	2358	
2347	2357	2359	
2351	2360	2361	
2352	2362	2363	
2364	2365	
2354	2366	
2356	2367	2368	
2367	2369	2370	
2358	2369	
2359	2371	
2360	2371	2372	
2361	2373	
2362	2373	2374	
2374	2375	2376	
2003	2377	2378	
2379	
2379	2380	2381	
2366	2380	2382	
2368	2382	2383	
2370	2384	
2372	2385	
2385	2386	2387	
2375	2388	
2381	2389	
2389	2390	2391	
2383	2390	2392	
2384	2392	2393	
2394	2395	
2394	2396	2397	
2386	2396	
2387	2398	2399	
2388	2398	
2391	2400	2401	
2400	2402	2403	
2393	2402	2404	
2395	2404	2405	
2397	2406	2407	
2406	2408	2409	
2399	2408	
2401	2410	
2410	2411	2412	
2403	2413	2414	
2413	2415	2416	
2405	2415	2417	
2407	2417	2418	
2409	2419	
2411	2420	
2412	2414	2421	
2421	2422	2423	
2416	2424	2425	
2424	2426	2427	
2418	2426	2428	
2419	2428	
2376	2429	2430	
2420	2431	2432	
2422	2431	
2423	2425	2433	
2433	2434	2435	
2427	2436	
2437	2438	
1856	1889	2437	
2438	2439	
2439	2440	
2440	2441	
2432	2441	2442	
2442	2443	
2434	2444	
2435	2436	2445	
2445	2446	2447	
2443	2448	
2448	2449	2450	
2444	2449	2451	
2446	2451	2452	
2447	2453	
2453	2454	
2455	2456	
2455	2457	
2450	2458	2459	
2458	2460	2461	
2452	2460	
2454	2462	2463	
2456	2462	2464	
2457	2465	
2459	2466	
2461	2467	2468	
2469	2470	
2469	2471	2472	
2463	2471	
2464	2473	
2465	2473	2474	
2474	2475	2476	
2477	2478	
2466	2477	2479	
2467	2479	2480	
2468	2470	2481	
2481	2482	2483	
2472	2484	2485	
2484	2486	2487	
2486	2488	
2475	2488	2489	
2476	2490	2491	
1936	2492	
2492	2493	2494	
2493	2495	2496	
2495	2497	
2497	2498	2499	
2498	2500	
2478	2500	2501	
2502	2503	
2480	2502	2504	
2482	2504	2505	
2483	2485	2506	
2487	2507	
2507	2508	
2489	2508	2509	
2363	2510	
2509	2511	
1949	2494	2512	
2496	2513	2514	
2513	2515	2516	
2499	2515	2517	
2517	2518	2519	
2501	2518	2520	
2503	2520	2521	
2522	2523	
2505	2522	
2506	
2512	2514	2524	
2516	2525	2526	
2519	2527	2528	
2527	2529	2530	
2521	2523	2531	
2529	2531	2532	
2524	2533	2534	
1953	1963	2533	
2534	2535	2536	
2525	2535	
2526	2528	2537	
2537	2538	2539	
2530	2538	2540	
2532	2541	
1964	2542	2543	
2536	2542	
2539	2544	
2540	2545	2546	
2541	2545	2547	
2548	2549	
2548	2550	2551	
1977	2543	2552	
2544	2553	2554	
2546	2553	
2547	2555	
2555	2556	
2557	2558	
2557	2559	
2559	2560	2561	
2549	2560	
2552	2562	
2562	2563	2564	
2565	2566	
2565	2567	
2554	2567	
2556	2568	2569	
2570	2571	
2558	2572	
2561	2573	
2574	2575	
1984	2563	
2564	2566	
2568	2576	
2576	2577	
2569	2570	2578	
2571	2579	2580	
2572	2579	2581	
2581	2582	2583	
2573	2582	2584	
2584	2585	
2574	2585	2586	
2577	2587	2588	
2587	2589	2590	
2578	2589	2591	
2591	2592	2593	
2580	2592	2594	
2594	2595	2596	
2583	2595	2597	
2597	2598	
2586	2599	2600	
2601	2602	
2588	2601	2603	
2590	2604	2605	
2593	2604	2606	
2364	2596	2607	
2606	2607	2608	
2365	2598	2609	
2264	2609	2610	
2610	2611	
2599	2611	2612	
2377	2612	2613	
1987	2614	
1990	2602	2614	
2320	2603	2615	
2605	2615	2616	
2000	2608	2617	
1998	2616	2617	
1756	2319	
2017	2618	2619	
2378	2618	2620	
2621	2622	2623	
2624	2625	
2626	2627	2628	
2626	2629	2630	
2629	2631	
29	2632	
2619	2621	2633	
2622	2624	2634	
2634	2635	2636	
2637	2638	2639	
2637	2640	
2627	2638	
2630	2641	
2030	2642	2643	
2633	2642	2644	
2635	2644	
2636	2645	
2640	2646	
2639	2647	
2641	2648	
28	2649	
2643	2650	
2651	2652	
2645	2651	2653	
2646	2653	
2647	2648	
2654	2655	
2654	2656	2657	
68	2649	2656	
2049	2658	2659	
2650	2658	
2652	2660	
2655	2661	
2657	2662	
2064	2659	2663	
2663	2664	
2660	2665	
2661	2666	
2666	2667	
2662	2667	2668	
2664	2669	2670	
2665	2669	2671	
2671	2672	
2670	2673	
2673	2674	2675	
2672	2674	2676	
2675	2677	
2676	2678	
2678	2679	
2091	2680	
2677	2680	2681	
2681	2682	2683	
2682	2684	
2679	2685	2686	
2683	2687	
2688	2689	2690	
2684	2685	2688	
2686	2691	
2687	2689	2692	
2690	2693	2694	
2691	2693	2695	
2695	2696	2697	
2696	
2698	2699	
2700	2701	2702	
2698	2703	2704	
2692	2703	2705	
2705	2706	2707	
2694	2706	2708	
2708	2709	2710	
2697	2709	2711	
2711	2712	
2704	2713	
2713	2714	2715	
2707	2714	2716	
2710	2717	2718	
2712	2719	2720	
2150	2721	
2715	2722	
2716	2717	2723	
2723	2724	
2718	2719	2725	
2720	2726	
2721	2722	2727	
2724	2728	2729	
2725	2730	2731	
2728	2730	2732	
2726	2731	2733	
2733	2734	2735	
2736	2737	
2151	2736	
2727	2737	2738	
2738	2739	
2729	2739	2740	
2740	2741	2742	
2732	2743	2744	
2734	2743	2745	
2735	2746	
2746	2747	
2741	2748	
2742	2744	2749	
2749	2750	2751	
2745	2752	
2747	2753	
2753	2754	
2748	2755	2756	
2750	2755	2757	
2751	2752	
2758	2759	
2754	2758	2760	
2761	2762	
362	2761	
2756	2763	
2763	2764	2765	
2764	2766	2767	
2757	2766	2768	
2768	2769	
2769	2770	2771	
2770	2772	
2759	2772	2773	
2760	2774	
2775	2776	
2762	2775	2777	
2778	2779	
2765	2778	2780	
2767	2781	2782	
2771	2783	2784	
2783	2785	
2773	2785	2786	
2774	2787	2788	
2786	2787	
2788	2789	
2776	2789	2790	
2777	2791	
2208	2792	
2779	2792	2793	
2780	2781	2794	
2782	2795	
2784	2795	
2790	2796	
2791	2797	
2797	2798	2799	
2794	2800	2801	
2793	2800	2802	
2801	2803	
2804	2805	
2804	2806	
2807	2808	
2796	2807	2809	
2798	2809	2810	
2632	2811	2812	
2802	2813	
2813	2814	2815	
2803	2814	2816	
2817	2818	
2819	2820	
2805	2819	2821	
2806	2822	2823	
2808	2822	
2810	2824	
2824	2825	
2826	2827	
2815	2826	2828	
2816	2817	2829	
2829	2830	2831	
2818	2832	2833	
2820	2832	2834	
2821	2835	2836	
2823	2835	
317	2825	2837	
2827	2838	
2231	2838	2839	
2828	2830	2840	
2840	2841	
2831	2842	
2833	2842	2843	
2843	2844	
2834	2845	2846	
2844	2845	2847	
2836	2846	2848	
2848	2849	2850	
2849	2851	
349	2837	2852	
2852	2853	
2839	2854	
2841	2854	
2847	2855	
2850	2856	2857	
2851	2858	
2858	2859	2860	
2853	2861	2862	
2855	2856	2863	
2863	2864	
2857	2859	
2860	2865	
2861	2866	
2866	2867	2868	
2869	2870	
2869	2871	
2870	2872	2873	
2872	2874	
2874	2875	2876	
2864	2875	2877	
2865	2878	2879	
2878	2880	
2867	2880	
374	2868	2881	
2881	2882	
2871	2883	2884	
2873	2885	2886	
2876	2887	2888	
2877	2889	
2890	2891	
2879	2890	
2883	2892	
2884	2885	2893	
2893	2894	2895	
2896	2897	2898	
2886	2887	2896	
2888	2899	2900	
2889	2899	2901	
2901	2902	2903	
2891	2902	2904	
2905	2906	
2905	2907	
2908	2909	
2908	2910	
2910	2911	2912	
2892	2911	2913	
2894	2913	2914	
2895	2897	2915	
2898	2916	2917	
2900	2916	2918	
2918	2919	2920	
2903	2919	2921	
2922	2923	2924	
2904	2922	
2906	2925	
422	2925	
2057	2909	2926	
2926	2927	2928	
2912	2927	2929	
2929	2930	
2914	2930	2931	
2931	2932	2933	
2915	2932	2934	
2917	2934	2935	
2935	2936	2937	
2920	2936	2938	
2921	2923	2939	
2924	2940	
2928	2941	2942	
2700	2933	
412	2882	2907	
2701	2937	2943	
2939	2944	2945	
2938	2944	2946	
2945	2947	2948	
2940	2947	
90	2668	
278	298	2799	
2123	2699	
361	375	2862	
2222	2941	2949	
2490	2511	2950	
2702	2951	
2943	2952	2953	
2946	2952	2954	
2954	2955	2956	
2948	2955	
2274	2949	2957	
2957	2958	2959	
2958	2960	2961	
2960	2962	
2951	2963	2964	
2953	2963	2965	
2965	2966	2967	
2956	2966	2968	
2969	2970	
2959	2971	
2962	2971	2972	
2973	2974	
2964	2973	2975	
2975	2976	2977	
2967	2976	2978	
2968	2969	2979	
2979	2980	2981	
2970	2982	
2972	2983	
2983	2984	
2974	2984	2985	
2985	2986	2987	
2977	2986	2988	
2978	2980	2989	
2989	2990	2991	
2981	2992	2993	
2982	2992	2994	
2994	2995	
2987	2996	
2988	2990	2997	
2997	2998	2999	
2991	3000	3001	
2993	3000	3002	
3002	3003	3004	
2995	3003	3005	
2996	2998	
2999	3006	3007	
3001	3006	3008	
3008	3009	3010	
3004	3009	3011	
3005	3012	
3007	3013	
3010	3014	3015	
3011	3016	3017	
3012	3016	
3013	3014	
3015	3018	
3017	3018	
2429	2510	3019	
3019	3020	
3020	3021	
2430	3022	
3021	3022	
533	3023	
3024	3025	
3024	3026	
3023	3026	
3027	3028	
3027	3029	
3029	3030	
3030	3031	
3031	3032	
3032	3033	
3025	3033	
2491	3034	
3034	3035	
3036	3037	
3036	3038	
3038	3039	3040	
3028	3039	3041	
3041	3042	
3035	3043	3044	
3037	3043	3045	
3045	3046	3047	
3040	3046	3048	
3048	3049	3050	
3042	3049	3051	
3052	3053	
3052	3054	
2950	3055	3056	
3044	3055	3057	
3057	3058	3059	
3047	3058	3060	
3050	3061	3062	
3051	3063	
3064	3065	
3053	3064	3066	
3066	3067	3068	
3054	3069	
3056	3070	
3070	3071	3072	
3059	3071	3073	
3060	3061	3074	
3074	3075	3076	
3062	3077	3078	
3063	3077	3079	
3079	3080	3081	
3080	3082	
3082	3083	3084	
3083	3085	
3065	3086	3087	
3085	3086	3088	
3067	3087	3089	
3068	3069	3090	
3090	3091	
3072	3092	
3073	3075	3093	
3076	3094	3095	
3078	3094	3096	
3096	3097	3098	
3081	3097	3099	
3084	3100	3101	
3088	3102	3103	
3089	3104	3105	
3091	3104	3106	
675	2811	
3092	3107	3108	
3093	3109	
3109	3110	3111	
3095	3112	
3112	3113	
3098	3113	3114	
3114	3115	3116	
3099	3115	3117	
3100	3117	3118	
3101	3102	3119	
3103	3120	
3105	3120	3121	
3122	3123	3124	
3121	3122	3125	
621	3106	3123	
3107	3110	
3111	3126	
3116	3127	3128	
3127	3129	3130	
3118	3129	3131	
3119	3131	
3125	3132	
2550	3108	
434	3124	3133	
2551	3134	
3135	3136	
3126	3137	
3128	3138	
3130	3139	
3132	3133	
3134	3135	3140	
2575	3140	3141	
3136	3137	3142	
3142	3143	3144	
3145	3146	
3143	3145	3147	
3146	3148	3149	
3138	3148	3150	
3150	3151	3152	
3139	3151	3153	
3141	3154	3155	
3144	3154	3156	
3147	3157	3158	
3149	3159	3160	
3157	3159	3161	
3152	3160	3162	
3162	3163	3164	
3163	3165	3166	
3153	3165	
2600	3155	3167	
3167	3168	3169	
3168	3170	3171	
3156	3170	3172	
3158	3172	3173	
3161	3174	3175	
3164	3176	3177	
3166	3178	3179	
3178	3180	
3181	3182	
3181	3183	
2613	3169	3184	
3171	3185	3186	
3173	3185	3187	
3174	3187	3188	
3175	3176	3189	
3177	3190	3191	
3179	3190	3192	
3180	3182	3193	
3193	3194	3195	
3183	3196	
2620	3184	3197	
2623	3197	3198	
3186	3198	3199	
2625	3199	3200	
3188	3200	3201	
3201	3202	
3189	3202	3203	
3191	3203	
3192	3194	3204	
2628	3204	
2631	3195	3205	
3205	3206	
3196	3206	3207	
2942	2961	
2812	3207	
