1	2	
1	3	
3	4	5	
4	6	
6	7	
8	
8	9	10	
9	11	
2	12	
12	13	14	
5	13	15	
7	16	
16	17	18	
17	19	
20	21	
20	22	23	
10	22	24	
11	25	26	
14	27	28	
27	29	30	
15	29	31	
18	31	32	
19	33	34	
21	33	35	
35	36	37	
23	36	38	
38	39	40	
24	25	39	
26	41	
28	42	
30	43	44	
43	45	46	
32	45	47	
47	48	49	
34	48	50	
50	51	52	
37	51	53	
40	54	55	
54	56	
56	57	58	
41	57	59	
59	60	
60	61	
42	62	
44	62	63	
46	64	65	
49	64	66	
66	67	68	
52	67	69	
69	70	71	
53	70	72	
55	72	73	
73	74	
58	75	76	
61	75	77	
78	79	80	
78	81	
63	79	82	
82	83	84	
65	83	85	
68	85	86	
71	87	88	
74	89	90	
91	92	93	
76	91	
77	94	95	
94	96	
97	98	
81	99	
80	100	101	
84	100	102	
102	103	104	
86	103	105	
105	106	
87	107	
106	107	108	
88	89	109	
109	110	111	
90	92	112	
112	113	114	
93	115	116	
95	115	117	
117	118	119	
118	120	121	
96	120	122	
122	123	
123	124	125	
97	126	127	
126	128	
129	130	131	
132	133	
99	134	
101	129	134	
121	135	136	
104	137	
108	138	139	
110	138	140	
111	113	141	
124	135	142	
114	143	144	
116	143	145	
119	145	146	
127	147	148	
132	149	
147	150	151	
128	149	152	
152	153	
154	155	156	
133	157	158	
157	159	
160	161	
130	160	162	
131	137	163	
163	164	165	
166	167	
139	166	168	
168	169	
140	170	171	
169	170	172	
173	174	175	
144	173	176	
176	177	178	
146	177	179	
179	180	
136	180	181	
181	182	183	
182	184	185	
186	187	188	
189	190	
150	153	189	
158	191	
191	192	193	
159	192	194	
194	195	
195	196	
161	196	197	
162	198	199	
164	198	200	
165	167	201	
201	202	
172	203	
174	203	204	
204	205	
178	206	
183	207	208	
184	209	210	
190	211	212	
193	213	
197	214	215	
199	214	216	
216	217	218	
200	217	219	
202	219	220	
205	221	222	
206	221	223	
223	224	
207	225	
225	226	227	
208	209	228	
228	229	230	
231	232	233	
211	231	234	
234	235	236	
235	237	
237	238	239	
213	238	
215	240	
240	241	
241	242	
218	242	
243	244	
220	243	
222	245	
224	226	246	
227	229	247	
230	248	249	
236	250	251	
232	250	252	
251	253	254	
239	253	255	
255	256	
244	257	258	
257	259	
260	261	
260	262	
261	263	264	
245	263	265	
265	266	267	
266	268	269	
246	268	270	
270	271	272	
247	271	273	
273	274	275	
248	274	276	
186	252	277	
277	278	279	
278	280	
254	280	281	
256	282	283	
282	284	285	
283	286	
286	287	
287	288	
258	289	
289	290	291	
259	290	292	
292	293	294	
262	293	295	
295	296	297	
264	296	298	
298	299	300	
267	299	301	
301	302	303	
269	302	304	
304	305	306	
272	305	307	
307	308	309	
275	308	310	
310	311	312	
279	313	314	
315	316	
281	284	315	
285	317	318	
317	319	320	
288	319	321	
321	322	
291	323	324	
323	325	326	
294	325	327	
327	328	329	
297	328	330	
330	331	332	
300	331	333	
333	334	335	
303	334	336	
306	337	338	
309	337	339	
340	341	
313	342	
316	343	344	
318	343	345	
345	346	347	
320	346	348	
322	349	350	
324	351	
326	352	353	
351	352	354	
353	355	356	
329	355	357	
332	357	358	
335	359	360	
336	361	362	
338	361	363	
363	364	365	
339	340	366	
364	366	367	
342	368	
368	369	370	
344	371	
371	372	373	
347	374	375	
376	377	378	
348	349	376	
350	379	
354	380	381	
356	382	383	
358	359	384	
384	385	386	
360	387	388	
362	387	389	
389	390	391	
365	390	
367	392	
392	393	
369	394	395	
396	397	
394	396	398	
372	397	399	
373	374	400	
401	402	403	
375	377	401	
378	404	405	
379	404	406	
406	407	
408	409	
380	410	
410	411	412	
381	382	413	
413	414	415	
383	416	417	
385	416	
386	418	419	
388	418	420	
391	420	421	
422	423	424	
398	422	425	
425	426	427	
399	426	428	
428	429	
400	402	429	
403	430	
405	430	431	
431	432	
407	433	434	
408	433	435	
409	411	436	
436	437	438	
412	439	440	
414	439	441	
415	417	442	
442	443	444	
419	445	
445	446	447	
421	446	448	
448	449	450	
449	451	
451	452	453	
452	454	
423	455	456	
427	457	458	
432	434	459	
459	460	461	
462	463	464	
435	437	462	
438	465	466	
440	465	467	
467	468	469	
441	468	470	
443	470	
444	471	
472	473	
447	472	474	
474	475	476	
450	475	477	
477	478	479	
453	478	480	
454	481	482	
481	483	484	
455	457	485	
485	486	
154	458	
141	171	175	
460	487	
461	463	488	
464	489	490	
466	489	491	
491	492	493	
469	492	494	
495	496	
471	495	497	
497	498	499	
500	501	502	
473	498	500	
476	501	503	
479	504	505	
506	507	508	
480	483	506	
142	185	509	
510	511	512	
503	504	513	
311	341	514	
494	515	
487	516	517	
155	486	
518	519	520	
156	521	
521	522	
516	523	
517	524	525	
526	527	528	
529	530	531	
490	526	532	
532	533	534	
493	533	535	
488	524	527	
515	536	537	
496	536	538	
538	539	540	
499	539	541	
502	542	
513	543	
518	544	545	
505	507	546	
508	510	
522	547	548	
547	549	
523	549	550	
550	551	552	
525	551	553	
553	554	555	
528	554	556	
556	557	558	
534	557	559	
559	560	561	
535	560	562	
562	563	564	
537	563	565	
565	566	567	
540	566	568	
541	542	569	
569	570	571	
543	572	573	
546	572	
548	574	
574	575	
575	576	
552	576	577	
555	578	579	
558	578	580	
561	581	582	
564	583	584	
567	583	585	
568	570	586	
586	587	
571	588	
588	589	590	
589	591	592	
573	591	
577	593	
579	593	594	
594	595	596	
595	597	598	
580	597	599	
581	599	600	
582	584	601	
601	602	603	
585	604	605	
587	604	
590	606	
592	607	
608	609	
596	610	611	
598	612	613	
600	602	614	
612	614	615	
603	616	617	
605	616	
618	619	
606	618	620	
607	620	621	
621	622	
623	624	
608	623	625	
625	626	627	
628	629	
610	628	
611	613	630	
630	631	
615	632	
632	633	
617	633	
619	634	
635	636	637	
622	635	638	
624	638	639	
639	640	641	
626	640	642	
643	644	
643	645	
645	646	647	
646	648	
629	649	650	
631	651	652	
634	636	653	
653	654	
637	655	
655	656	657	
641	656	658	
658	659	660	
661	662	663	
664	665	
664	666	667	
666	668	
644	668	669	
647	670	671	
670	672	673	
648	672	674	
649	674	
650	651	675	
675	676	677	
676	678	679	
652	678	
654	680	681	
682	683	
657	682	684	
659	685	686	
667	687	688	
669	689	690	
689	691	692	
671	690	693	
693	694	695	
673	694	696	
697	698	
677	699	700	
679	701	
702	703	
702	704	705	
704	706	
680	706	707	
681	683	708	
708	709	710	
711	712	713	
684	711	714	
685	714	715	
715	716	717	
687	718	719	
718	720	721	
688	691	722	
692	723	724	
695	723	725	
726	727	728	
696	697	726	
698	699	729	
729	730	731	
730	732	733	
700	701	732	
703	734	
705	735	736	
735	737	738	
707	709	737	
710	712	739	
713	740	741	
716	740	742	
720	743	744	
722	743	745	
724	745	746	
746	747	748	
747	749	750	
725	727	749	
728	751	752	
731	751	753	
733	754	
734	755	
755	756	757	
736	756	758	
758	759	760	
738	759	761	
761	762	763	
762	764	765	
739	764	766	
741	766	767	
767	768	769	
742	770	771	
768	770	772	
744	773	774	
773	775	
748	776	777	
750	778	779	
778	780	781	
752	780	782	
753	783	784	
782	783	785	
784	786	787	
786	788	789	
754	788	790	
790	791	
792	793	
757	792	794	
661	760	795	
763	795	796	
765	797	798	
544	769	797	
519	772	799	
775	800	801	
776	800	802	
777	779	803	
803	804	805	
781	806	807	
796	808	809	
785	810	811	
787	810	812	
789	813	814	
529	798	808	
791	813	815	
816	817	818	
816	
793	817	819	
794	820	821	
819	820	822	
662	821	823	
815	824	
806	811	825	
530	545	
663	826	827	
809	826	828	
829	830	831	
832	833	
801	829	834	
834	835	836	
802	804	835	
837	838	839	
805	807	837	
825	838	840	
812	841	842	
843	844	845	
814	841	843	
824	844	846	
847	848	
818	849	850	
847	849	851	
850	852	853	
822	852	854	
823	855	856	
857	858	859	
827	855	860	
828	861	862	
531	861	863	
864	865	866	
832	867	868	
857	869	870	
871	872	
830	873	874	
873	875	876	
836	875	877	
877	878	879	
839	880	881	
882	883	884	
842	885	886	
840	882	885	
886	887	888	
845	887	
846	889	
848	889	890	
851	891	892	
853	891	893	
854	856	894	
894	895	896	
860	897	898	
862	897	899	
863	900	
871	901	902	
874	903	904	
903	905	906	
876	905	907	
878	908	
879	880	
881	883	909	
884	910	911	
888	910	912	
912	913	
914	915	
890	914	916	
892	916	917	
917	918	919	
893	920	921	
895	920	922	
896	923	924	
898	923	925	
925	926	927	
899	926	928	
928	929	930	
900	929	931	
931	932	933	
901	932	
906	934	935	
907	908	936	
936	937	
938	939	
909	938	940	
911	940	941	
941	942	943	
913	944	945	
946	947	
946	948	
915	948	949	
918	949	950	
919	921	951	
951	952	953	
922	954	955	
952	954	956	
924	955	957	
957	958	959	
958	960	961	
927	960	962	
930	962	963	
933	964	
965	966	
934	937	967	
967	968	
939	969	
942	969	970	
943	944	971	
971	972	
945	947	
950	973	
953	973	974	
956	975	976	
959	975	977	
961	978	979	
978	980	981	
963	980	982	
964	983	984	
982	983	985	
984	986	987	
965	986	988	
989	990	
970	989	991	
972	991	992	
974	993	
976	993	994	
994	995	
977	996	997	
995	996	998	
979	997	999	
981	1000	1001	
985	1000	1002	
1002	1003	1004	
987	1003	1005	
1005	1006	1007	
1008	1009	
990	1010	
992	1011	
998	1012	
1012	1013	
999	1013	1014	
1001	1014	
1004	1015	1016	
1006	1015	1017	
1017	1018	1019	
1008	1020	1021	
1022	1023	
1010	1022	1024	
1011	1024	1025	
1025	1026	1027	
1026	1028	
1029	1030	
1016	1029	1031	
1031	1032	1033	
1018	1032	1034	
1035	1036	1037	
1020	1038	
1038	1039	1040	
1023	1041	1042	
1027	1041	1043	
1028	1044	
1044	1045	
1030	1046	
1033	1046	1047	
833	1048	1049	
1050	1051	1052	
1039	1050	1053	
1040	1054	
1054	1055	1056	
1055	1057	
1058	1059	
1042	1058	1060	
1043	1045	1061	
1061	1062	1063	
1047	1064	
1064	1065	1066	
1035	1067	1068	
1069	1070	1071	
1053	1069	1072	
1056	1072	1073	
1057	1074	1075	
1074	1076	1077	
1059	1076	1078	
1078	1079	1080	
1060	1062	1079	
1063	1081	
867	1082	1083	
864	1070	1084	
1048	1084	1085	
1073	1085	1086	
868	1075	1086	
869	1077	1082	
870	1080	1087	
1067	1087	1088	
1081	1088	1089	
1036	1089	
520	872	1090	
1034	1065	1091	
831	1092	1093	
1094	1095	1096	
1049	1094	
1083	1097	
858	1097	1098	
1099	1100	1101	
1102	
1037	1103	
1095	1104	
1105	1106	
1105	1107	1108	
1098	1107	1109	
1099	1109	1110	
1100	1103	1111	
1111	1112	1113	
1114	1115	1116	
1114	1117	
1117	1118	1119	
1118	1120	
1106	1120	1121	
1108	1122	1123	
1110	1122	1124	
1124	1125	1126	
1112	1125	
1113	1127	
1127	1128	1129	
1128	
1115	1130	1131	
1119	1132	1133	
1121	1134	1135	
1123	1134	1136	
1136	1137	1138	
1137	1139	1140	
1126	1139	1141	
1129	1142	
1130	1132	1143	
1143	1144	1145	
1133	1146	
1135	1147	1148	
1146	1147	1149	
1138	1148	1150	
1140	1151	1152	
1151	1153	1154	
1141	1153	1155	
1142	1155	1156	
1156	1157	1158	
1157	1159	
1144	1160	
1145	1161	
1161	1162	1163	
1149	1162	1164	
1150	1165	1166	
1164	1165	1167	
1152	1166	1168	
1168	1169	1170	
1154	1171	1172	
1158	1171	1173	
1159	1174	
1160	1175	1176	
1175	1177	
1163	1178	1179	
1178	1180	1181	
1167	1180	1182	
1169	1182	1183	
1170	1172	1184	
1184	1185	1186	
1187	1188	
1173	1187	1189	
1174	1189	
1177	1190	1191	
1190	1192	1193	
1179	1192	
1181	1194	
1195	1196	1197	
1183	1185	1195	
1186	1188	1198	
1191	1199	1200	
1199	1201	1202	
1193	1203	1204	
1194	1196	1205	
1197	1206	
1206	1207	
1198	1207	
1201	1203	1208	
1208	1209	1210	
1204	1211	
1211	1212	1213	
1205	1214	
1212	1214	1215	
1209	1216	
1213	1217	1218	
1210	1217	
1218	1219	
1102	1215	1219	
1131	1220	
865	1096	1221	
859	1068	1101	
1222	1223	
1222	1224	
1224	1225	
1226	1227	
1223	1226	1228	
1228	1229	1230	
1225	1229	1231	
1231	1232	
1233	1234	
1227	1235	
1230	1236	1237	
1236	1238	1239	
1232	1238	1240	
1240	1241	
1241	1242	
1233	1243	
1235	1244	1245	
1237	1244	
1239	1246	
1242	1247	1248	
1247	1249	1250	
1249	1251	
1243	1252	1253	
1251	1252	1254	
1255	1256	
1255	1257	
1258	1259	
1257	1258	1260	
1259	1261	
1245	1262	
1262	1263	1264	
1246	1265	1266	
1265	1267	
1248	1266	1268	
1268	1269	1270	
1250	1269	1271	
1254	1272	1273	
1274	1275	
1274	1276	
1256	1277	
1277	1278	1279	
1260	1280	
1261	1281	1282	
1263	1281	1283	
1264	1284	
1284	1285	1286	
1267	1287	1288	
1287	1289	1290	
1270	1289	1291	
1292	1293	1294	
1271	1292	1295	
1272	1295	1296	
1296	1297	1298	
125	1299	
1275	1300	
1300	1301	1302	
1276	1303	
1304	1305	
1278	1304	1306	
1279	1280	1307	
1307	1308	1309	
1310	1311	
1282	1310	1312	
1312	1313	1314	
1283	1313	1315	
1285	1315	1316	
1286	1288	1317	
1290	1318	1319	
1318	1320	1321	
1291	1293	1320	
1294	1322	1323	
1297	1322	1324	
1299	1325	1326	
1301	1325	
1302	1327	
1327	1328	
1303	1328	1329	
1329	1330	
1330	1331	
1331	1332	
1333	1334	1335	
1305	1336	1337	
1336	1338	1339	
1306	1338	1340	
1308	1340	1341	
1309	1311	1342	
1342	1343	1344	
1314	1345	1346	
1345	1347	1348	
1316	1347	1349	
1349	1350	1351	
1317	1350	1352	
1319	1352	1353	
1321	1354	1355	
1323	1354	1356	
1333	1356	1357	
1324	1334	1358	
1346	1359	1360	
509	1326	1361	
1353	1362	1363	
1361	1364	
1332	1337	1365	
1365	1366	
1339	1367	1368	
1366	1367	
1368	1369	1370	
1341	1369	1371	
1343	1371	1372	
1344	1359	1373	
1374	1375	
1360	1376	1377	
1348	1376	1378	
1378	1379	1380	
1351	1379	1381	
1362	1381	1382	
1383	1384	
1363	1385	1386	
1355	1385	1387	
1387	1388	1389	
1357	1388	1390	
1335	1391	1392	
210	1393	1394	
1364	1393	1395	
1395	1396	
1370	1397	1398	
1372	1397	1399	
1399	1400	1401	
1373	1400	1402	
1377	1402	1403	
1380	1404	1405	
1382	1406	1407	
1404	1406	1408	
1407	1409	1410	
1386	1409	1411	
1389	1411	1412	
1390	1391	1413	
249	1394	1414	
1396	1415	
1416	1417	
1398	1416	1418	
1418	1419	1420	
1401	1419	1421	
1421	1422	1423	
1403	1422	1424	
1424	1425	1426	
1405	1425	
1408	1427	1428	
1410	1427	
1412	1429	
1429	1430	
1413	1430	1431	
1431	1432	
1414	1415	
1417	1433	
1433	1434	1435	
1420	1434	1436	
1423	1437	1438	
1426	1437	1439	
1439	1440	
1440	1441	1442	
1428	1441	1443	
1443	1444	
276	312	1445	
1445	1446	
1447	1448	
1435	1449	1450	
1436	1451	1452	
1451	1453	1454	
1438	1452	1455	
1455	1456	
1442	1457	
1444	1458	
1446	1459	
1447	1460	
1448	1449	1461	
1450	1453	1462	
1462	1463	1464	
1454	1456	1465	
1457	1458	1466	
1466	
514	1459	1467	
1468	1469	
1470	1471	
1472	1473	
1474	1475	1476	
1474	1477	
1460	1477	1478	
1478	1479	1480	
1479	1481	1482	
1461	1463	1481	
1464	1483	
1465	1483	
1467	1484	
1484	1485	1486	
1487	1488	
1470	1487	1489	
1471	1472	1490	
1490	1491	1492	
1473	1475	1493	
1491	1493	1494	
1476	1495	1496	
1480	1495	1497	
1482	1498	
393	1485	1499	
1486	1488	1500	
1500	1501	1502	
1501	1503	1504	
1489	1503	1505	
1492	1505	1506	
1494	1507	1508	
1507	1509	1510	
1496	1509	1511	
1511	1512	1513	
1497	1512	1514	
1498	1514	1515	
1515	1516	
1499	1517	1518	
1517	1519	
1502	1518	1520	
1504	1521	1522	
1521	1523	1524	
1506	1523	1525	
1508	1525	1526	
1510	1527	1528	
1513	1527	1529	
1516	1530	
1531	1532	
482	1519	1533	
1534	1535	1536	
1520	1534	1537	
1522	1537	1538	
1524	1539	1540	
1526	1541	1542	
1539	1541	1543	
1528	1542	1544	
1544	1545	1546	
1545	1547	1548	
1529	1547	1549	
1530	1549	1550	
1550	1551	
1552	
1552	1553	1554	
1531	1555	
1553	1555	1556	
1532	1557	
1533	1535	1558	
1558	1559	
1538	1560	1561	
1536	1560	1562	
1540	1561	1563	
1543	1564	1565	
1546	1564	
1548	1566	1567	
1551	1566	1568	
1569	1570	
1554	1569	1571	
1556	1572	1573	
1557	1572	1574	
1574	1575	1576	
1575	1577	
1562	1578	
1578	1579	1580	
1563	1579	1581	
1581	1582	1583	
1565	1582	
1468	1567	
1568	1584	1585	
1584	1586	
1586	1587	1588	
1587	1589	
1374	1383	1590	
1589	1591	
1570	1592	1593	
1571	1594	1595	
1573	1594	1596	
1596	1597	1598	
1576	1597	1599	
1600	1601	1602	
1384	1577	1600	
484	511	1559	
1591	1592	1603	
512	1604	
1580	1605	
1605	1606	
1583	1606	
1607	1608	
1609	1610	1611	
1588	1612	1613	
1612	1614	
1603	1614	1615	
1593	1616	1617	
1595	1616	1618	
1618	1619	
1598	1619	1620	
1599	1601	1621	
1621	1622	1623	
1602	1624	1625	
1590	1624	1626	
1375	1627	1628	
1604	1629	
1629	1630	
1631	1632	
1631	1633	
1613	1633	
1615	1634	1635	
1634	1636	
1617	1635	1637	
1637	1638	
1620	1639	1640	
1622	1639	1641	
1623	1625	1642	
1642	1643	1644	
1643	1645	1646	
1626	1645	1647	
1627	1647	1648	
1648	1649	1650	
1630	1651	
1636	1652	
1652	1653	
1638	1654	1655	
1654	1656	1657	
1640	1656	1658	
1658	1659	1660	
1641	1659	1661	
1644	1661	1662	
1646	1663	1664	
1649	1663	1665	
1666	1667	
609	1651	1666	
1653	1655	1668	
1668	1669	1670	
1657	1671	1672	
1669	1671	1673	
1660	1672	1674	
1662	1675	
1675	1676	1677	
1664	1676	1678	
1678	1679	1680	
1665	1681	1682	
1679	1681	1683	
627	1667	
1670	1684	
1673	1685	1686	
1674	1687	
1685	1687	1688	
1677	1689	1690	
1680	1689	1691	
1683	1692	
1684	1693	
1686	1693	1694	
1688	1695	1696	
1695	1697	1698	
1697	1699	
1690	1699	1700	
1700	1701	1702	
1701	1703	1704	
1691	1703	1705	
1692	1705	1706	
1707	
1708	1709	1710	
1694	1708	1711	
1696	1711	1712	
1698	1713	1714	
1702	1713	1715	
1704	1716	1717	
1718	1719	1720	
1716	1718	1721	
1722	1723	
1707	1724	
1709	1725	
1725	1726	1727	
1710	1728	1729	
1712	1730	1731	
1728	1730	1732	
1714	1731	1733	
1733	1734	1735	
1734	1736	1737	
1715	1736	1738	
1717	1738	1739	
642	660	
1719	1740	1741	
686	1722	1742	
717	1742	1743	
1723	1744	
1724	1745	1746	
1745	1747	
1747	1748	
1726	1749	
1727	1729	1750	
1750	1751	1752	
1732	1751	1753	
1753	1754	1755	
1735	1754	1756	
1737	1757	
1739	1740	1758	
1758	1759	
1741	1760	1761	
1743	1762	1763	
1744	1762	1764	
1764	1765	
1746	1766	
1766	1767	1768	
1748	1769	1770	
1771	1772	
1749	1771	1773	
1773	1774	
1774	1775	1776	
1752	1775	1777	
1755	1778	1779	
1780	1781	1782	
1756	1757	1780	
1759	1760	1783	
771	1763	1784	
1784	1785	
1765	1786	1787	
1786	1788	
1788	1789	1790	
1789	1791	1792	
1791	1793	
1793	1794	
1767	1794	1795	
1768	1769	1796	
1770	1797	
1797	1798	1799	
1772	1800	
1776	1801	1802	
1777	1778	1803	
1803	1804	1805	
1779	1781	1806	
1782	1807	
1808	1809	
1808	1810	1811	
1783	1810	
799	1785	
1787	1812	
1812	1813	1814	
1790	1813	1815	
1792	1816	1817	
1795	1818	1819	
1816	1818	1820	
1819	1821	1822	
1796	1821	1823	
1798	1823	1824	
1799	1825	
1825	1826	1827	
1800	1828	
1801	1828	1829	
1829	1830	1831	
1830	1832	1833	
1802	1804	1832	
1805	1834	1835	
1806	1834	1836	
1836	1837	1838	
1807	1837	1839	
1809	1839	1840	
1607	1811	
1814	1841	
1815	1842	1843	
1817	1842	1844	
1608	1845	1846	
1820	1847	1848	
1847	1849	1850	
1822	1849	1851	
1851	1852	1853	
1824	1852	1854	
1826	1854	1855	
1609	1827	
1856	1857	
1831	1856	1858	
1833	1859	1860	
1835	1859	1861	
1861	1862	1863	
1862	1864	1865	
1838	1864	1866	
1866	1867	1868	
1840	1845	1867	
1469	1585	1632	
1844	1848	1869	
1870	1871	
1090	1870	
1872	1873	1874	
1841	1843	1872	
1873	1875	1876	
1869	1875	1877	
1850	1878	1879	
1878	1880	1881	
1853	1880	1882	
1882	1883	1884	
1855	1883	1885	
1610	1885	1886	
1887	1888	1889	
1611	1857	1890	
1890	1891	1892	
1858	1893	1894	
1895	
1896	1897	1898	
1863	1896	1899	
1865	1900	1901	
1900	1902	1903	
1868	1902	1904	
1846	1904	1905	
1871	1906	1907	
1906	1908	1909	
1908	1910	
1874	1910	
1876	1911	
1877	1912	1913	
1911	1912	1914	
1879	1913	1915	
1881	1916	1917	
1884	1918	1919	
1886	1918	1920	
1920	1921	1922	
1891	1921	1923	
1892	1924	
1893	1924	1925	
1925	1926	
1897	1926	1927	
1899	1901	1928	
1928	1929	1930	
1903	1931	1932	
1931	1933	1934	
1905	1933	
902	1907	1935	
966	1935	1936	
1909	1937	
1914	1938	
1915	1916	1939	
1939	1940	1941	
1917	1942	1943	
1919	1942	1944	
1944	1945	1946	
1922	1945	1947	
1923	1948	
1949	1950	
1927	1929	1949	
1930	1951	1952	
1932	1951	1953	
1953	1954	1955	
1934	1954	1956	
1936	1937	1957	
1938	1940	1958	
1958	1959	1960	
1941	1961	1962	
1943	1961	1963	
1963	1964	1965	
1946	1964	1966	
1966	1967	1968	
1947	1967	1969	
1969	1970	1971	
1948	1970	
1950	1972	
1952	1972	1973	
1973	1974	
1955	1974	1975	
1976	1977	
1956	1976	
988	1978	1979	
1957	1978	1980	
1980	1981	
1982	1983	
1982	1984	
1984	1985	1986	
1985	1987	
1959	1987	1988	
1960	1962	1989	
1989	1990	1991	
1990	1992	1993	
1965	1992	1994	
1994	1995	
1968	1995	1996	
1996	1997	1998	
1971	1997	1999	
1999	2000	
1975	1977	2001	
2002	2003	2004	
1007	1979	2002	
1981	2003	2005	
2005	2006	2007	
1983	2006	2008	
2008	2009	2010	
1986	2009	2011	
2011	2012	2013	
1988	2012	2014	
2014	2015	2016	
1991	2015	2017	
1993	2018	
1998	2019	2020	
2000	2021	2022	
2001	
1019	2004	2023	
2023	2024	2025	
2007	2024	2026	
2026	2027	2028	
2010	2027	2029	
2013	2030	2031	
2029	2030	2032	
2031	2033	2034	
2016	2033	2035	
2035	2036	2037	
2017	2036	2038	
2018	2038	2039	
2039	2040	
2040	2041	2042	
2041	2043	
2019	2043	2044	
2044	2045	2046	
2020	2021	2047	
2045	2047	2048	
2022	2049	
2049	2050	
2025	2051	2052	
2028	2053	2054	
2032	2055	2056	
2034	2057	2058	
2037	2059	
2042	2060	2061	
2046	2060	2062	
2048	2063	2064	
2050	2063	2065	
1091	2051	
2052	2053	2066	
2066	2067	2068	
2054	2055	2069	
2067	2069	2070	
2056	2057	2071	
2071	2072	2073	
2058	2074	2075	
2059	2074	2076	
2076	2077	2078	
2079	2080	
2077	2079	2081	
2061	2080	2082	
2062	2083	2084	
2064	2083	2085	
2085	2086	
2065	2087	
1066	2088	
2088	2089	2090	
2068	2089	2091	
2070	2092	2093	
2072	2092	2094	
2073	2075	2095	
2095	2096	2097	
2078	2096	2098	
2081	2099	2100	
2082	2101	2102	
2099	2101	
2084	2102	2103	
2103	2104	
2086	2087	2105	
2105	2106	2107	
2106	2108	
2109	2110	
1895	2090	2111	
2091	2112	2113	
2093	2112	2114	
2114	2115	2116	
2094	2117	2118	
2115	2117	2119	
2097	2118	2120	
2098	2121	2122	
2100	2121	2123	
2123	2124	
2104	2125	
2126	2127	
2107	2126	
2108	2128	
2128	2129	2130	
2129	2131	
2131	2132	2133	
2132	2134	2135	
2109	2134	
2110	2136	
2111	2137	
2113	2137	2138	
2138	2139	
2116	2139	2140	
2119	2141	2142	
2141	2143	2144	
2120	2143	2145	
2122	2145	2146	
2146	2147	2148	
2124	2149	2150	
2149	2151	
2151	2152	2153	
2125	2152	2154	
2127	2154	2155	
2155	2156	2157	
2156	2158	
2130	2159	
1887	2133	2160	
2135	2161	2162	
2136	2161	2163	
2163	2164	
2140	2165	
2142	2165	2166	
2144	2147	2167	
2148	2168	2169	
2150	2168	2170	
2171	2172	2173	
1888	2162	2171	
2153	2174	2175	
1889	2176	2177	
2157	2178	2179	
2158	2180	
2176	2181	2182	
2159	2160	2181	
2164	2172	
1860	1894	1898	
2166	2183	
2183	2184	
2167	2184	2185	
2185	2186	
2169	2186	2187	
2187	2188	2189	
2190	2191	2192	
2190	2193	2194	
2178	2195	2196	
2180	2195	2197	
2197	2198	2199	
2198	2200	2201	
2200	2202	
2182	2202	2203	
2177	2204	2205	
2173	2204	
2206	2207	
2188	2206	2208	
2191	2209	2210	
2208	2209	2211	
2193	2212	2213	
2196	2212	2214	
2214	2215	2216	
2199	2215	2217	
2201	2218	2219	
2203	2218	2220	
2220	2221	2222	
2205	2223	
2221	2223	
2207	2224	
2211	2225	2226	
2225	2227	2228	
2210	2227	2229	
2213	2229	2230	
2230	2231	2232	
2216	2231	2233	
2217	2234	2235	
2219	2234	2236	
2236	2237	2238	
2222	2237	
2224	2226	2239	
2239	2240	2241	
2228	2242	2243	
2232	2242	2244	
2245	2246	2247	
2233	2245	2248	
2235	2248	2249	
2249	2250	2251	
2238	2250	
2240	2252	
2241	2253	
2243	2253	2254	
2254	2255	2256	
2255	2257	2258	
2244	2246	2257	
2247	2259	2260	
2251	2259	
2252	2261	
2261	2262	2263	
2256	2262	2264	
2258	2265	2266	
2260	2265	
2263	2267	
2264	2268	2269	
2268	2270	
2266	2269	
2271	
2267	2270	
2170	2189	2272	
2174	2192	2272	
2271	2273	
2175	2179	2194	
2274	2275	
2274	2276	2277	
2278	2279	2280	
2281	2282	
2283	2284	
2283	2285	2286	
2284	2287	
2288	2289	
2288	2290	
2291	2292	
2291	2293	2294	
2295	2296	
2275	2297	
2276	2298	2299	
2278	2298	2300	
2300	2301	2302	
2281	2303	2304	
2303	2305	
2285	2306	
2306	2307	2308	
2286	2309	2310	
2287	2309	2311	
2312	2313	
2311	2312	2314	
2289	2313	2315	
2315	2316	2317	
2290	2318	2319	
2292	2318	2320	
2293	2321	2322	
2295	2321	
2323	2324	
2323	2325	2326	
2297	2325	2327	
2327	2328	2329	
2299	2328	2330	
2301	2330	2331	
2302	2304	2332	
2332	2333	2334	
2333	2335	2336	
2305	2307	2335	
2308	2337	2338	
2310	2337	2339	
2339	2340	
2314	2341	2342	
2316	2341	2343	
2317	2319	2344	
2344	2345	2346	
2320	2347	2348	
2347	2349	2350	
2322	2348	2351	
2351	2352	
2353	2354	
2353	2355	
2354	2356	2357	
2324	2356	2358	
2326	2359	2360	
2329	2359	2361	
2361	2362	2363	
2331	2362	2364	
2364	2365	2366	
2334	2365	2367	
2336	2368	2369	
2338	2368	2370	
2340	2371	2372	
2342	2371	2373	
2373	2374	2375	
2343	2374	2376	
2345	2376	2377	
2346	2349	
2350	2352	
2355	2378	2379	
2357	2378	2380	
2358	2381	2382	
2381	2383	2384	
2360	2382	2385	
2385	2386	2387	
2363	2388	2389	
2388	2390	2391	
2366	2390	2392	
2392	2393	2394	
2367	2393	2395	
2369	2395	2396	
2396	2397	2398	
2370	2399	2400	
2397	2399	2401	
2400	2402	2403	
2372	2402	2404	
2404	2405	2406	
2375	2405	2407	
2377	2408	2409	
2408	2410	2411	
2409	2412	
2413	2414	2415	
2416	2417	2418	
2380	2383	2419	
2416	2419	2420	
2384	2421	2422	
2386	2421	2423	
2387	2389	2424	
2424	2425	2426	
2391	2427	2428	
2429	2430	2431	
2394	2429	2432	
2398	2432	2433	
2401	2434	2435	
2403	2434	2436	
2436	2437	2438	
2406	2437	2439	
2407	2410	2440	
2440	2441	2442	
2411	2443	2444	
2412	2443	
1234	2417	2445	
2420	2446	2447	
2422	2446	2448	
2449	2450	2451	
2423	2425	2449	
2426	2427	2452	
2428	2430	2453	
2431	2454	2455	
2433	2454	2456	
2456	2457	2458	
2435	2457	2459	
2459	2460	2461	
2438	2460	2462	
2439	2441	2463	
2463	2464	2465	
2442	2444	2466	
2466	2467	
2445	2468	2469	
2447	2468	2470	
2471	2472	2473	
2470	2471	2474	
2448	2450	2472	
2451	2475	2476	
2452	2477	2478	
2475	2477	
2453	2478	2479	
2479	2480	2481	
2455	2480	2482	
2483	2484	2485	
2458	2483	2486	
2461	2486	2487	
2462	2464	2488	
2488	2489	
2465	2467	
1253	2469	2490	
2490	2491	2492	
2474	2491	
2473	2476	2493	
2493	2494	2495	
2481	2496	
2496	2497	2498	
2482	2484	2499	
2497	2499	2500	
2485	2501	2502	
2487	2489	2503	
2503	2504	2505	
1273	2492	2506	
2494	2507	
2495	2508	
2508	2509	2510	
2509	2511	
2511	2512	2513	
2498	2512	2514	
2515	2516	2517	
2500	2501	2515	
2502	2504	2518	
2518	2519	2520	
2505	2521	
2506	2522	2523	
1298	2522	2524	
2523	2525	
2525	2526	
2507	2527	2528	
2527	2529	2530	
2510	2529	2531	
2531	2532	2533	
2513	2532	2534	
2514	2516	2535	
2517	2519	2536	
2520	2537	2538	
2521	2537	2539	
2539	2540	
2541	
2524	2542	
2526	2528	2543	
2543	2544	2545	
2530	2546	2547	
2533	2546	2548	
2534	2549	2550	
2535	2549	2551	
2551	2552	
2536	2552	2553	
2553	2554	2555	
2538	2554	2556	
2540	2556	2557	
2558	2559	
2541	2558	2560	
2560	2561	
98	2562	
1358	2542	2563	
2564	2565	
2563	2564	2566	
2544	2565	
2545	2547	2567	
2413	2567	2568	
2414	2548	2569	
2569	2570	2571	
2550	2570	2572	
2572	2573	
2574	2575	
2555	2574	2576	
2576	2577	2578	
2557	2577	
2559	2579	2580	
2579	2581	2582	
2561	2581	2583	
2583	2584	
148	2562	2585	
2584	2585	2586	
2379	2418	
2566	2587	
2568	2588	
2415	2589	2590	
2591	2592	2593	
2571	2594	2595	
2594	2596	2597	
2573	2596	2598	
2598	2599	2600	
2575	2599	2601	
2578	2602	2603	
2601	2602	2604	
2603	2605	
2580	2606	
2606	2607	2608	
2582	2609	2610	
2586	2609	2611	
2612	2613	
1392	2587	2614	
1432	2614	
2588	2589	2615	
2590	2595	2616	
2616	2617	2618	
2597	2617	2619	
2600	2620	2621	
2604	2622	2623	
2605	2624	2625	
2624	2626	
2627	2628	
2627	2629	
2607	2630	
2608	2610	2631	
2631	2632	2633	
2611	2632	2634	
151	2635	
2615	2636	
2636	2637	
2637	2638	2639	
2618	2638	2640	
2641	2642	2643	
2619	2620	2641	
2621	2622	2644	
2644	2645	2646	
2623	2647	2648	
2625	2647	
2626	2649	2650	
2649	2651	
2628	2651	2652	
2629	2653	2654	
2653	2655	
2630	2655	2656	
2656	2657	
2633	2657	2658	
2634	2659	2660	
2659	2661	2662	
2635	2660	2663	
212	2663	2664	
2639	2665	
2640	2642	2666	
2666	2667	2668	
2643	2645	2669	
2646	2670	2671	
2648	2670	
2650	2672	
2652	2654	2673	
2673	2674	2675	
2658	2661	2676	
2676	2677	2678	
2662	2664	2679	
2680	2681	
2665	2667	2680	
2668	2682	2683	
2669	2682	2684	
2684	2685	2686	
2671	2685	2687	
2687	2688	2689	
2672	2690	
2690	2691	2692	
2674	2693	
2693	2694	2695	
2675	2696	
2677	2697	
2697	2698	2699	
2678	2700	2701	
2679	2700	2702	
187	233	2702	
2681	2703	2704	
2703	2705	2706	
2683	2705	2707	
2707	2708	2709	
2686	2708	2710	
2688	2710	2711	
2689	2712	
2712	2713	2714	
2691	2713	2715	
2692	2694	2716	
2695	2717	
2696	2717	2718	
2718	2719	2720	
2719	2721	
2698	2721	2722	
2699	2723	2724	
2701	2723	2725	
2725	2726	
2591	2727	2728	
188	2726	2729	
2704	
2706	2730	
2730	2731	2732	
2709	2731	2733	
2733	2734	2735	
2711	2734	2736	
2736	2737	2738	
2714	2737	2739	
2715	2740	2741	
2716	2740	2742	
2742	2743	
2720	2744	
2722	2745	2746	
2724	2745	2747	
2747	2748	
314	2729	2749	
2732	2750	
2735	2751	2752	
2738	2751	2753	
2739	2754	2755	
2741	2754	2756	
2756	2757	2758	
2743	2757	
2744	2759	
2746	2759	2760	
2760	2761	2762	
2748	2761	2763	
2764	2765	2766	
2749	2764	
2750	2752	2767	
2767	2768	
2753	2769	2770	
2755	2769	2771	
2771	2772	2773	
2758	2772	
2762	2774	
2775	2776	2777	
2763	2765	2775	
370	2766	2778	
2768	2779	2780	
2770	2779	2781	
2781	2782	2783	
2773	2782	2784	
2784	2785	
2774	2776	2786	
2786	2787	2788	
2777	2789	2790	
2778	2789	2791	
395	2791	2792	
2780	2793	
2793	2794	2795	
2783	2794	2796	
2796	2797	2798	
2785	2797	
2787	
2788	2799	
2790	2799	2800	
2800	2801	2802	
424	2792	2801	
2803	2804	
2795	2803	2805	
2592	2805	2806	
2612	2798	2806	
2802	2807	
456	2807	
2808	2809	
2727	2804	
1628	2808	2810	
2809	2811	
2811	2812	2813	
2728	2814	
2593	2815	2816	
2613	2815	2817	
2817	2818	2819	
2820	2821	
1650	2822	2823	
2810	2812	2822	
2813	2824	2825	
2824	2826	
2814	2827	2828	
2816	2827	2829	
2818	2829	2830	
2819	2820	2831	
2821	2832	
2832	2833	
2823	2834	2835	
2825	2834	2836	
2826	2837	
2828	2838	
2838	2839	2840	
2839	2841	2842	
2830	2841	2843	
2843	2844	2845	
2831	2844	2846	
2846	2847	2848	
2833	2847	2849	
1682	2835	2850	
2850	2851	
2851	2852	2853	
2836	2852	2854	
2837	2854	2855	
2855	2856	2857	
2856	2858	
2840	2859	
2842	2860	2861	
2860	2862	2863	
2845	2862	2864	
2848	2864	2865	
2865	2866	2867	
2849	2866	2868	
2868	2869	
2870	2871	
2872	2873	
2872	2874	2875	
2874	2876	
2876	2877	
2853	2878	2879	
2857	2880	2881	
2880	2882	2883	
2858	2882	2884	
2884	2885	2886	
2885	2887	
2887	2888	
2888	2889	
2889	2890	2891	
2859	2890	2892	
2861	2892	2893	
2863	2894	
2867	2895	
2869	2870	2896	
2896	2897	
2871	2873	2898	
2898	2899	2900	
2875	2901	2902	
2899	2901	2903	
2902	2904	2905	
2877	2904	
2878	2906	
2906	2907	2908	
2879	2881	2909	
2909	2910	2911	
2883	2912	2913	
2886	2912	
2891	2914	
2914	2915	2916	
2893	2915	2917	
2917	2918	
2894	2919	2920	
2919	2921	
2895	2921	2922	
2897	2923	2924	
2900	2923	2925	
2903	2926	2927	
2905	2926	2928	
2907	2929	2930	
2908	2910	
2911	2913	
2916	2931	
2918	2920	2932	
2932	2933	2934	
2935	2936	
2922	2935	2937	
2937	2938	2939	
2924	2938	2940	
2940	2941	2942	
2941	2943	2944	
2925	2943	2945	
2927	2945	2946	
2928	2947	
2947	2948	2949	
1720	2929	
2950	2951	
2931	2950	2952	
2933	2952	
2934	2953	
2936	2953	2954	
2939	2955	2956	
2955	2957	
2942	2956	2958	
2944	2959	2960	
2946	2959	2961	
2961	2962	2963	
2948	2962	
2949	2964	
665	2964	2965	
1761	
2951	2966	
2966	2967	
2968	2969	
2954	2957	2968	
2958	2970	2971	
2970	2972	2973	
2960	2972	2974	
2974	2975	2976	
2963	2975	
2977	2978	
719	2965	2977	
2967	2979	
2969	2980	
2971	2981	
2981	2982	2983	
2982	2984	2985	
2973	2984	2986	
2976	2986	2987	
2987	2988	2989	
2988	2990	
2990	2991	2992	
2978	2991	2993	
2979	2994	2995	
2994	2996	
2980	2995	2997	
2997	2998	
2983	2999	
2985	3000	3001	
3000	3002	3003	
2989	3002	3004	
2992	3005	3006	
721	2993	3007	
3007	3008	3009	
2996	3010	
2998	3011	3012	
2999	3013	3014	
3001	3013	3015	
3015	3016	3017	
3003	3016	3018	
3019	3020	3021	
3004	3005	3019	
3006	3008	3022	
3022	3023	3024	
1092	3025	3026	
3010	3011	
3012	3027	
3027	3028	
3014	3028	3029	
3029	3030	
3017	3030	3031	
3018	3020	3032	
3021	3023	3033	
3024	3025	3034	
774	3009	3026	
1706	1721	2930	
3031	3035	
3032	3035	3036	
3036	3037	3038	
3033	3037	3039	
3039	3040	3041	
3034	3040	3042	
1093	3042	3043	
3038	3044	
3044	3045	3046	
3041	3045	3047	
3047	3048	3049	
904	3043	3048	
3046	3050	
3049	3051	3052	
3050	3051	3053	
3053	3054	3055	
3054	3056	3057	
935	3052	3056	
3055	3058	
3057	3059	3060	
3058	3059	3061	
3061	3062	3063	
968	3060	3064	
3062	3065	
3063	3064	3066	
1009	3066	3067	
3068	3069	
3068	3070	
3071	
3065	3072	3073	
3067	3072	3074	
3075	3076	
3069	3075	3077	
3077	3078	3079	
3070	3080	3081	
3078	3080	3082	
3081	3083	
3083	3084	3085	
3084	3086	3087	
3086	3088	
3088	3089	3090	
3071	3089	3091	
3091	3092	
3093	3094	
3093	3095	
3073	3094	3096	
3096	3097	3098	
1051	3097	3099	
3100	3101	
3076	3100	3102	
3102	3103	3104	
3079	3103	3105	
3082	3106	3107	
3085	3106	3108	
3108	3109	3110	
3087	3109	3111	
3090	3112	3113	
3112	3114	3115	
3092	3114	
3095	3116	3117	
3098	3116	3118	
3119	3120	
3101	3119	3121	
3121	3122	3123	
3104	3122	3124	
3105	3125	3126	
3107	3125	3127	
3127	3128	3129	
3110	3128	3130	
3111	3113	3131	
3131	3132	3133	
3115	3134	3135	
3136	3137	
3117	3136	3138	
3138	3139	3140	
3118	3139	3141	
1052	3141	3142	
3120	3143	
3143	3144	3145	
3123	3144	3146	
3124	3147	3148	
3126	3147	3149	
3149	3150	3151	
3129	3150	3152	
3130	3132	3153	
3133	3134	3154	
3154	3155	3156	
3135	3157	3158	
3157	3159	
3159	3160	3161	
3160	3162	
3137	3162	3163	
3140	3164	3165	
3164	3166	3167	
866	3166	3168	
3145	3169	
3146	3170	3171	
3148	3170	3172	
3172	3173	3174	
3151	3173	3175	
1021	3074	3099	
3152	3176	3177	
3167	3178	3179	
3153	3176	3180	
3180	3181	3182	
3155	3181	3183	
3156	3158	3184	
3178	3185	3186	
3165	3185	3187	
3161	3188	
3163	3187	3189	
1071	3142	3168	
3169	3190	3191	
3192	3193	3194	
3171	3190	3192	
3174	3193	3195	
3195	3196	3197	
3196	3198	3199	
3200	3201	3202	
3182	3200	3203	
3203	3204	3205	
3183	3204	3206	
3206	3207	3208	
3209	3210	3211	
3188	3209	3212	
3212	3213	3214	
3189	3213	3215	
3215	3216	3217	
3186	3216	3218	
1221	3179	3219	
3191	3220	
3220	3221	3222	
3194	3221	3223	
3197	3224	3225	
3198	3226	
3201	3226	3227	
3205	3228	3229	
3228	3230	3231	
3207	3230	3232	
3232	3233	3234	
3210	3233	3235	
3235	3236	3237	
3236	3238	
3214	3238	3239	
3217	3239	3240	
3218	3241	3242	
3241	3243	3244	
3219	3242	3245	
1104	3245	3246	
3247	3248	
3222	3247	
3223	3224	
3225	3249	
3250	3251	
3227	3250	3252	
3252	3253	3254	
3229	3253	3255	
3231	3256	3257	
3234	3256	3258	
3237	3258	
3240	3243	3259	
3259	3260	
3244	3261	3262	
3261	3263	3264	
1116	3246	3263	
3248	3265	
3249	3266	
3266	3267	3268	
3251	3267	3269	
3269	3270	3271	
3254	3270	3272	
3272	3273	3274	
3255	3273	3275	
3257	3275	
3260	3262	3276	
1220	3264	3277	
3265	3278	3279	
3278	3280	3281	
3280	3282	
3283	3284	
3283	3285	3286	
3268	3285	3287	
3287	3288	3289	
3271	3288	3290	
3290	3291	
3274	3291	3292	
3276	3293	3294	
3293	3295	
3277	3294	3296	
3175	3199	3297	
3298	3299	
3298	3300	3301	
3279	3300	
3281	3302	3303	
3282	3284	3304	
3302	3304	3305	
3286	3306	3307	
3289	3306	3308	
3292	
3295	3309	
3310	3311	3312	
3296	3310	
3184	3208	3313	
2273	3314	3315	
3314	3316	
3316	3317	
3317	3318	3319	
3299	3318	3320	
3301	3321	3322	
3303	3321	3323	
3305	3324	3325	
3324	3326	3327	
3307	3326	3328	
3328	3329	3330	
3308	3329	
3331	3332	
3331	3333	3334	
3309	3333	3335	
3311	3335	3336	
1176	3312	3337	
3315	3338	
3338	3339	
3319	3339	3340	
3340	3341	
3322	3342	3343	
3320	3341	3342	
3343	3344	3345	
3323	3346	3347	
3344	3346	3348	
3325	3347	3349	
3327	3350	3351	
3330	3350	
3332	3352	
3334	3353	3354	
3353	3355	3356	
3336	3357	3358	
3355	3357	3359	
3337	3358	3360	
1200	3360	3361	
3345	3362	
3348	3363	3364	
3349	3363	3365	
3351	3365	
3352	3354	3366	
3366	3367	3368	
3356	3367	3369	
3359	3361	3370	
3362	3371	
3371	3372	3373	
3364	3372	3374	
3374	3375	
3368	3376	
3369	3377	3378	
3376	3377	3379	
3378	3380	3381	
1202	3382	3383	
3370	3380	3382	
3373	3384	
3384	3385	3386	
3375	3385	3387	
3387	3388	
3379	3389	
3381	3390	3391	
3390	3392	3393	
2296	3394	3395	
3386	3396	3397	
3388	3398	
3398	3399	
3389	3391	3400	
3394	3400	3401	
3401	3402	
3392	3402	
2277	2279	3403	
3396	3403	
3397	3399	3404	
2294	3405	
3395	3405	
3211	3313	
3177	3202	3297	
1216	3383	3393	
2280	2282	3404	
