1	2	3	
4	5	
4	6	
7	8	
9	10	
9	11	12	
6	11	
13	14	
7	13	15	
16	17	
1	18	
16	19	
20	21	
19	20	22	
21	23	
23	24	25	
10	24	
12	26	
14	27	
22	28	
25	29	
26	30	31	
30	32	
32	33	
33	34	
27	35	
36	37	
36	38	
28	38	39	
40	41	
29	42	43	
42	44	45	
44	46	
31	46	47	
47	48	
34	49	50	
35	49	51	
51	52	
39	40	53	
41	43	54	
54	55	
45	56	
48	57	
57	58	
50	59	
52	60	61	
60	62	
53	63	
63	64	
55	65	66	
56	65	67	
67	68	
58	69	
69	70	71	
59	70	
62	72	73	
74	75	
74	76	
64	76	77	
66	78	
68	79	
71	80	
72	81	
81	82	83	
84	85	
77	84	86	
86	87	
87	88	
78	88	89	
89	90	
79	91	92	
91	93	
80	82	
83	94	95	
94	96	97	
98	99	100	
85	98	101	
90	92	
93	102	
102	103	104	
105	106	
103	105	
95	107	
101	108	
108	109	
110	111	
110	112	
113	114	
104	115	
106	116	117	
107	116	118	
118	119	
109	120	121	
111	120	
112	113	122	
114	115	123	
124	125	
117	124	
119	126	
121	127	
122	128	
128	129	130	
123	131	
129	131	132	
125	133	134	
135	136	
126	137	138	
135	137	139	
127	140	
140	141	142	
130	143	
132	144	
144	145	146	
133	145	
134	136	
139	147	
148	149	
148	150	
141	150	
142	151	
152	153	
143	152	
146	154	
18	147	155	
156	157	
151	156	158	
153	158	159	
154	160	
149	161	162	
2	163	
164	165	
166	167	
157	168	
159	169	
169	170	171	
163	172	
172	173	
174	175	
176	177	
178	179	
166	178	180	
180	181	
168	181	182	
182	183	
170	183	
171	184	
184	185	186	
179	187	188	
185	189	
186	190	
190	191	
191	192	
187	193	
189	194	
192	195	196	
195	197	
197	198	
198	199	
199	200	
193	201	
201	202	
203	204	
203	205	
194	206	
206	207	
196	208	
200	209	210	
209	211	
202	204	212	
212	213	214	
215	216	
205	207	215	
208	217	
217	218	
219	220	
213	219	
214	216	221	
218	222	
223	224	
221	225	
222	226	
227	228	
229	230	
174	229	231	
225	232	
232	233	
226	227	234	
234	235	
228	236	
236	237	
230	238	
237	238	239	
176	240	241	
240	242	
233	242	243	
235	244	
239	245	246	
245	247	
241	248	
243	249	
249	250	251	
250	252	
252	253	
253	254	
254	255	
255	256	257	
244	256	
246	258	
251	259	
257	260	
261	262	
261	263	
258	264	
264	265	266	
265	267	
259	268	
260	262	269	
269	270	
263	271	
271	272	
266	272	273	
210	274	275	
276	277	278	
276	279	
268	279	280	
280	281	282	
281	283	
270	284	
273	285	286	
285	287	288	
277	289	290	
282	291	
283	292	
292	293	294	
293	295	
284	296	
297	298	
297	299	
286	299	
3	300	301	
289	302	
290	291	303	
303	304	
294	305	
295	306	
306	307	308	
307	309	
296	309	310	
164	310	311	
298	311	
304	312	
305	313	
300	314	
223	308	315	
274	316	
161	167	
314	316	
175	211	317	
160	173	
312	318	319	
318	320	
321	322	
224	313	321	
315	323	
323	324	325	
165	324	
319	326	
326	327	
320	328	329	
322	328	
325	330	
327	331	
329	332	
330	333	
334	335	
334	336	
336	337	
331	338	339	
338	340	
332	339	341	
341	342	
343	344	
333	343	345	
335	346	
345	346	347	
337	348	349	
340	350	
342	351	
352	353	
344	352	
347	354	
355	356	
348	355	
349	357	
357	358	
351	359	
359	360	361	
353	362	
363	364	
354	363	365	
356	365	366	
358	367	
360	368	
361	362	
364	369	
366	370	
371	372	
367	371	373	
374	375	
376	377	
374	378	
378	379	380	
379	381	382	
368	381	
383	384	
369	383	385	
385	386	
370	387	
386	387	388	
372	389	390	
391	392	
380	393	
382	394	
384	395	
388	396	
389	397	
397	398	
391	393	399	
399	400	401	
402	403	
394	402	404	
404	405	
395	406	407	
406	408	
396	409	410	
398	409	
400	411	
401	403	412	
405	413	414	
413	415	
408	415	
407	416	
416	417	
410	418	
412	419	
419	420	
414	420	
417	421	422	
421	423	
418	423	424	
424	425	
422	426	
425	427	428	
427	429	
429	430	
426	431	
428	432	
432	433	
431	434	
434	435	
433	436	437	
376	435	438	
436	439	
438	439	
437	440	
441	442	
440	441	
443	444	
443	445	
444	446	
445	447	
375	448	449	
446	450	
451	452	
453	454	
447	455	456	
455	457	
458	459	
460	461	
377	460	
462	463	
456	462	
457	464	
458	464	
459	461	465	
466	467	468	
463	466	
465	469	
469	470	471	
472	473	
472	474	
467	475	
476	477	
470	476	
471	478	
478	479	480	
479	481	
475	482	
482	483	484	
485	486	
485	487	
477	487	488	
480	489	
481	490	491	
490	492	
492	493	
483	494	495	
484	496	
496	497	
486	497	498	
488	499	
489	500	501	
491	500	502	
502	503	
503	504	
493	504	505	
505	506	
494	507	
498	508	
508	509	
509	510	511	
499	510	512	
512	513	
513	514	
514	515	
501	515	
506	516	
507	517	518	
517	519	
511	520	
519	521	
520	522	
522	523	
521	524	
523	525	
526	527	
526	528	
528	529	
524	530	
525	531	
532	533	
532	534	
527	535	
453	536	
530	537	538	
537	539	
540	541	
531	540	542	
542	543	544	
543	545	
533	545	546	
534	547	548	
547	549	
535	549	550	
550	551	
552	553	
552	554	
539	555	556	
557	558	
541	557	559	
544	560	561	
546	562	
562	563	564	
548	563	565	
565	566	
551	553	567	
555	568	
556	558	
559	560	569	
561	570	
570	571	572	
564	573	
566	574	
567	575	
575	576	
569	577	
577	578	579	
571	578	
572	573	580	
580	581	
574	582	583	
451	582	
576	583	
454	579	
452	581	
5	536	
584	585	
586	587	
588	589	590	
591	592	
588	593	
96	594	
589	595	596	
593	597	
597	598	599	
8	584	600	
600	601	
586	602	603	
591	604	
605	606	
605	607	608	
595	607	
596	609	
598	610	611	
610	612	
601	613	614	
613	615	
602	614	
603	616	
604	616	617	
617	618	
619	620	
606	619	621	
622	623	
622	624	625	
609	624	626	
626	627	
612	627	628	
15	615	629	
629	630	
618	620	631	
631	632	
621	633	
623	633	
625	634	
628	635	
630	636	
632	637	
634	638	
639	640	
638	639	641	
635	640	642	
61	636	643	
644	645	
644	646	
645	647	
647	648	
648	649	650	
637	649	651	
641	652	
643	653	
646	653	654	
650	655	
651	656	
652	657	
654	658	
658	659	660	
659	661	
655	662	663	
662	664	665	
656	664	
666	667	
657	666	
73	668	
660	669	
661	670	671	
663	670	
665	672	
667	673	
97	668	
669	674	675	
671	674	676	
676	677	
672	678	
678	679	680	
679	681	
681	682	
682	683	684	
673	683	
594	685	686	
687	688	
685	689	
675	689	
677	690	
680	691	
692	693	
684	692	694	
694	695	
686	696	
697	698	
690	697	699	
699	700	
691	693	701	
701	702	703	
695	704	
696	705	706	
705	707	
706	708	
698	708	709	
700	710	711	
710	712	
702	712	
703	713	
704	713	714	
138	707	
709	715	
715	716	717	
711	718	
714	719	
720	721	
720	722	
716	722	
717	723	
723	724	725	
718	724	726	
726	727	
727	728	
719	729	
729	730	731	
155	721	
725	732	733	
732	734	
728	735	736	
735	737	738	
737	739	
730	739	
731	740	
687	740	741	
741	742	
742	743	
738	744	
733	745	
745	746	
734	736	747	
747	748	
587	749	
267	287	750	
751	752	
746	753	754	
748	755	756	
757	758	
744	759	
688	760	
301	751	
752	761	
761	762	763	
753	762	
754	764	765	
755	764	
756	766	
759	766	767	
767	768	
760	769	
769	770	771	
288	772	
773	774	
763	775	
775	776	777	
776	778	
765	778	
768	779	
779	780	
770	781	
780	781	782	
771	783	
783	784	785	
786	787	
788	789	
777	790	
782	791	
784	792	
275	788	793	
789	790	794	
791	795	
796	797	
792	796	
317	793	798	
786	799	
798	800	
794	800	801	
801	802	
803	804	
803	805	
804	806	
795	806	807	
807	808	
802	809	
809	810	
805	811	
808	812	
247	813	
231	814	
810	815	
815	816	
811	816	817	
812	818	
819	820	
813	814	821	
821	822	
817	823	
823	824	
825	826	
818	825	827	
827	828	
819	829	
828	829	830	
831	832	
822	833	
833	834	
824	835	
826	835	836	
830	837	
834	838	
838	839	840	
839	841	
841	842	
842	843	
843	844	
836	845	
837	846	847	
846	848	
840	849	
844	850	851	
850	852	
845	851	853	
853	854	
847	855	
855	856	857	
750	858	
858	859	
849	860	
852	861	
854	862	
856	863	
857	864	
860	865	866	
859	865	867	
866	868	
861	869	870	
869	871	
862	872	873	
871	872	
863	873	874	
874	875	876	
772	877	878	
867	879	
877	879	
880	881	
868	880	882	
881	883	
883	884	
870	884	
875	885	
876	886	
757	886	887	
831	878	
799	882	
773	885	
864	888	
832	889	
889	890	
787	891	
892	893	
890	894	
891	895	
892	896	
894	897	
897	898	899	
898	900	
895	900	901	
901	902	
903	904	
903	905	
896	905	
906	907	
899	906	908	
902	909	910	
909	911	
911	912	
904	912	913	
914	915	
914	916	917	
907	918	
908	919	
919	920	
910	920	
913	921	
922	923	
915	922	
918	924	
925	926	
921	925	927	
927	928	929	
928	930	
923	930	931	
373	924	932	
932	933	
926	934	
929	935	
931	936	
936	937	938	
390	939	
933	939	940	
941	942	
941	943	
943	944	
944	945	
945	946	947	
934	946	
935	948	
948	949	950	
937	949	
951	952	
938	951	953	
954	955	
940	956	
942	956	
947	957	
950	958	
953	959	
957	960	
958	961	
961	962	963	
959	964	965	
962	964	
965	966	
960	967	
967	968	
963	969	
970	971	
968	970	972	
969	973	
916	974	
975	976	
975	977	978	
977	979	
979	980	981	
980	982	
982	983	984	
971	983	
972	985	
986	987	
973	986	988	
988	989	
989	990	
990	991	992	
978	993	
981	994	995	
984	996	997	
985	998	999	
998	1000	
999	1001	
987	1001	1002	
991	1003	
993	994	1004	
995	996	1005	
1005	1006	
997	1007	
1007	1008	1009	
1000	1008	
1002	1010	
1010	1011	
1012	1013	
1004	1012	1014	
1006	1014	1015	
1009	1016	
1011	1017	
442	1018	
1013	1018	1019	
1019	1020	1021	
1020	1022	1023	
1015	1022	
1016	1024	
1024	1025	
774	893	
954	1017	1026	
1027	1028	
1026	1027	
917	1029	
1003	1030	
430	976	
952	1031	
1021	1032	
1023	1033	
1025	1034	
955	1035	
1028	1036	1037	
473	1038	
1032	1038	1039	
1040	1041	
1033	1040	1042	
1042	1043	
1044	1045	
1034	1044	1046	
1035	1036	1047	
592	1048	
1037	1049	
1039	1041	1050	
1050	1051	
1043	1045	1052	
1046	1053	1054	
1053	1055	
1055	1056	
1047	1057	
1057	1058	1059	
1058	1060	
1060	1061	1062	
474	1063	
1051	1063	1064	
1052	1065	
1065	1066	
1054	1067	
1067	1068	1069	
1068	1070	
1056	1070	1071	
1072	1073	
1059	1074	
1064	1075	
1066	1076	1077	
1069	1078	
1071	1072	1079	
1073	1074	1080	
1080	1081	1082	
1083	1084	
1075	1083	1085	
1085	1086	
1086	1087	
1087	1088	1089	
1076	1088	
1077	1078	1090	
1090	1091	
1079	1092	
1092	1093	1094	
1081	1093	
1082	1095	
1095	1096	1097	
516	1084	1098	
1089	1099	
1091	1099	1100	
1094	1101	
1096	1102	
1097	1103	
1103	1104	
1098	1105	
1105	1106	
1100	1107	
1108	1109	
1110	1111	
1101	1110	1112	
1112	1113	1114	
1113	1115	
1102	1115	1116	
1116	1117	1118	
1104	1117	1119	
1106	1120	
1107	1108	1121	
1121	1122	
1109	1111	1123	
1123	1124	
1114	1125	
1118	1126	
599	1127	
1120	1128	
1128	1129	1130	
1129	1131	
1122	1132	1133	
1132	1134	
1124	1134	1135	
1125	1136	
1136	1137	1138	
1126	1137	
1139	1140	
1130	1141	
1131	1142	
1142	1143	1144	
1133	1143	
1135	1145	
1138	1146	1147	
1148	1149	
1139	1141	1150	
1150	1151	
1144	1152	
1153	1154	
1145	1153	1155	
1155	1156	
1146	1156	
1147	1157	
1148	1157	1158	
1158	1159	
1151	1160	
1152	1161	
1162	1163	
1154	1162	
1159	1164	1165	
1160	1166	
1167	1168	
1161	1167	1169	
1169	1170	
1170	1171	
1163	1171	
1164	1172	
1173	1174	
1166	1173	1175	
1175	1176	
1168	1176	1177	
1178	1179	
1174	1180	
1177	1181	
1181	1182	
1127	1178	
585	1180	
749	1048	1182	
529	554	1140	
1183	1184	
1183	1185	
590	1185	
608	1184	
611	1186	
1187	1188	
1187	1189	1190	
1189	1191	
1191	1192	
1193	1194	1195	
1196	1197	
1193	1198	
1199	1200	1201	
1199	1202	
1203	1204	1205	
1186	1206	
1206	1207	
1188	1207	1208	
1194	1209	
1198	1210	1211	
1200	1210	1212	
1212	1213	
1203	1214	
1214	1215	1216	
1208	1217	
1217	1218	
1209	1219	
1211	1220	
1213	1221	1222	
1221	1223	
1215	1223	
1218	1224	1225	
1224	1226	
1227	1228	
1219	1227	1229	
1229	1230	1231	
1220	1230	1232	
1232	1233	1234	
1222	1233	
642	1235	
1235	1236	
1237	1238	
1225	1237	
1226	1239	1240	
1228	1239	1241	
1231	1242	
1234	1243	
1236	1244	1245	
1238	1244	
1240	1246	
1246	1247	
1241	1248	
1248	1249	1250	
1242	1249	1251	
1251	1252	
1243	1252	1253	
1253	1254	
1254	1255	
1256	1257	
1245	1256	
1247	1258	1259	
1250	1260	
1255	1261	
1262	1263	
1257	1264	
1264	1265	
1265	1266	
1266	1267	
1258	1267	
1259	1268	
1268	1269	1270	
1260	1269	1271	
1271	1272	
1273	1274	
1261	1273	1275	
1262	1275	
1270	1276	
1272	1277	1278	
1277	1279	
1274	1280	
1276	1281	
1278	1282	
1280	1283	
1279	1283	1284	
1281	1285	
1285	1286	1287	
1282	1286	
1284	1288	
1288	1289	
1290	1291	
1287	1290	1292	
1292	1293	
1289	1294	
1291	1295	
1293	1294	1296	
1296	1297	
1298	1299	
1298	1300	
1299	1301	
1302	1303	
1295	1302	
1297	1304	
1305	1306	
1300	1305	1307	
1301	1303	1308	
1308	1309	
1304	1310	
1195	1311	1312	
743	1306	
1307	1313	
1309	1314	1315	
1316	1317	
1310	1318	1319	
1316	1318	1320	
1196	1319	
1320	1321	1322	
1313	1323	
1314	1323	1324	
1315	1325	
1317	1325	1326	
1197	1321	1327	
1328	1329	
1324	1328	1330	
1330	1331	
1331	1332	1333	
1326	1332	1334	
1322	1334	1335	
1327	1336	
820	1337	
1329	1338	
1338	1339	
1333	1340	1341	
1340	1342	
1335	1342	1343	
1336	1343	1344	
785	1345	
1339	1345	
1341	1346	
1344	1347	
1347	1348	1349	
1350	1351	
1348	1350	
1351	1352	
1352	1353	
1353	1354	
1346	1355	
1355	1356	1357	
1358	1359	
1349	1358	
1360	1361	
1360	1362	
1356	1362	
1357	1363	
1363	1364	1365	
1359	1364	
797	1366	1367	
1366	1368	
1361	1368	1369	
1365	1370	
1337	1367	
1369	1371	
1371	1372	1373	
1372	1374	
1374	1375	
1370	1376	
1377	1378	
1373	1379	
1375	1376	1380	
1380	1381	
1377	1382	
1379	1383	
1384	1385	
1381	1384	1386	
1387	1388	
1382	1387	1389	
1389	1390	
1391	1392	
1383	1393	1394	
1391	1393	
1385	1394	1395	
1386	1396	
1396	
1388	1397	
1397	1398	
848	1392	
1395	1399	
1398	1400	
1399	1401	
1401	1402	1403	
1400	1404	
1405	1406	
1405	1407	1408	
1402	1409	
1409	1410	
1403	1411	
1404	1412	
1412	1413	1414	
1415	1416	
1415	1417	
1417	1418	1419	
887	888	1420	
1420	1421	
1410	1422	1423	
1411	1424	
1413	1425	
1414	1416	1426	
1426	1427	
1418	1428	
1421	1422	1429	
1423	1430	
1424	1430	1431	
1431	1432	
1425	1433	
1427	1434	
1434	1435	
1428	1435	1436	
758	1437	
1429	1438	
1437	1438	
1407	1432	
1439	1440	
1439	1441	
1441	1442	
1442	1443	1444	
1433	1443	
1444	1445	
1408	1440	1446	
1354	1447	
1448	1449	
1406	1450	
1446	1451	
1451	1452	
1453	1454	
1455	1456	
1448	1455	
1449	1457	
1450	1457	1458	
1452	1459	1460	
1453	1461	
974	1456	1462	
1463	1464	
1458	1465	
1465	1466	1467	
1466	1468	
1459	1468	
1460	1469	
1469	1470	
1471	1472	
1470	1471	1473	
1461	1472	1474	
1474	1475	
1462	1476	
1476	1477	1478	
1477	1479	
1467	1480	
1473	1481	
1475	1482	1483	
1482	1484	
1484	1485	
1029	1486	
1487	1488	
1478	1486	1489	
1479	1490	
1490	1491	1492	
1480	1493	
1491	1493	1494	
1481	1495	1496	
1495	1497	
1483	1496	
1489	1498	
1492	1499	
1494	1500	
1500	1501	
1497	1502	
1498	1499	1503	
1503	1504	
1501	1505	
1505	1506	1507	
1506	1508	
1508	1509	
1509	1510	1511	
1502	1510	1512	
1031	1513	1514	
1513	1515	
1504	1515	1516	
1507	1517	
1511	1518	1519	
1512	1520	
1521	1522	
966	1514	1523	
1516	1524	
1517	1518	
1519	1525	
1520	1526	
1526	1527	1528	
1521	1527	
1523	1529	
1529	1530	1531	
1530	1532	1533	
1524	1532	
1525	1534	
1534	1535	1536	
1535	1537	
1528	1537	1538	
1538	1539	
1531	1540	
1533	1541	
1536	1542	
1539	1543	
1540	1544	
1541	1545	
1545	1546	
1542	1547	
1543	1548	1549	
1548	1550	
992	1544	1551	
1551	1552	
1546	1553	
1547	1554	
1554	1555	1556	
1555	1557	
1550	1558	1559	
1552	1560	
1553	1561	
1561	1562	
1556	1563	
1557	1564	1565	
1558	1564	
1559	1566	
1030	1567	
1463	1566	
1560	1567	1568	
1568	1569	
1562	1570	
1571	1572	
1563	1571	1573	
1574	1575	
1565	1574	
1569	1576	
1576	1577	
1577	1578	
1578	1579	
1570	1579	1580	
1580	1581	1582	
1572	1581	
1573	1575	1583	
1582	1584	
1487	1583	
1445	1454	
1585	1586	
1585	1587	
1588	1589	1590	
1584	1588	
1589	1591	
1488	1592	
1593	1594	
1595	1596	
1586	1595	1597	
1587	1598	
1598	1599	
1600	1601	
1590	1600	1602	
1591	1592	1603	
1593	1604	
1597	1605	1606	
1605	1607	
1599	1601	1608	
1602	1609	
1609	1610	1611	
1603	1610	1612	
1612	1613	
1613	1614	1615	
1614	1616	
1616	1617	
1604	1617	1618	
1061	1619	
1606	1619	
1607	1620	
1620	1621	1622	
1608	1623	
1621	1623	1624	
1611	1625	
1615	1626	
1618	1627	1628	
1627	1629	1630	
1622	1631	
1624	1632	
1625	1633	
1626	1634	1635	
1634	1636	
1629	1636	
1630	1637	
1631	1638	
1632	1639	
1633	1640	1641	
1640	1642	
1641	1643	
1635	1643	1644	
1638	1645	
1639	1646	
1646	1647	1648	
1642	1649	1650	
1649	1651	
1644	1652	
1651	1652	1653	
1645	1647	1654	
1654	1655	
1648	1656	
1656	1657	
1657	1658	1659	
1650	1658	
1653	1660	
1661	1662	
1663	1664	
1655	1663	1665	
1659	1666	
1667	1668	
1660	1667	1669	
1669	1670	
1671	1672	
1661	1671	1673	
1664	1673	
1665	1674	
1674	1675	
1666	1676	1677	
1668	1678	
1676	1678	
1670	1679	
1679	1680	
1681	1682	
1149	1672	1683	
1675	1684	
1684	1685	
1685	1686	1687	
1677	1686	
1683	1688	
1687	1689	1690	
1689	1691	
1165	1688	1692	
1692	1693	
1690	1694	
1691	1695	
1696	1697	
1696	1698	
1681	1698	
1693	1699	
1694	1700	
1700	1701	1702	
1703	1704	
1695	1703	1705	
1705	1706	
1697	1707	
1682	1708	1709	
1204	1710	
1699	1711	1712	
1711	1713	
1701	1714	
1702	1704	1715	
1715	1716	
1706	1717	
1707	1717	1718	
1713	1719	
1719	1720	
1720	1721	
1722	1723	
1714	1724	
1716	1725	1726	
1725	1727	
1718	1728	
1728	1729	1730	
1710	1729	1731	
1708	1731	
1190	1721	1722	
1192	1311	1732	
1723	1724	1732	
1312	1726	
1201	1727	
1202	1730	
1049	1062	1596	
1172	1179	1712	
1119	1662	
1733	1734	
1735	1736	
1735	1737	
1738	1739	
1738	1740	1741	
1740	1742	
1743	1744	
1737	1739	1745	
1743	1746	
1205	1747	
1748	1749	
1745	1748	
1746	1750	
1750	1751	
1752	1753	
1752	1754	
1749	1755	1756	
1757	1758	
1757	1759	
1751	1760	1761	
1760	1762	
1754	1755	1763	
1763	1764	
1756	1765	
1765	1766	
1767	1768	
1767	1769	
1758	1768	
1759	1770	
1770	1771	1772	
1761	1771	
1764	1773	1774	
1766	1775	
1769	1776	
1772	1777	
1773	1778	
1263	1778	
1774	1779	
1775	1779	1780	
1776	1781	1782	
1781	1783	
1783	1784	
1777	1785	1786	
1780	1787	
1787	1788	1789	
1788	1790	
1790	1791	
1782	1792	
1791	1792	
1784	1785	1793	
1793	1794	
1786	1795	
1795	1796	1797	
1798	1799	
1789	1800	
1794	1796	1801	
1797	1798	1802	
1802	1803	
1800	1804	
1801	1805	
1805	1806	1807	
1803	1806	1808	
1804	1809	
1810	1811	
1807	1810	
1808	1812	
1809	1813	
1813	1814	
1815	1816	
1811	1815	1817	
1812	1818	
1818	1819	1820	
1814	1821	
1816	1822	
1817	1823	
1823	1824	
1819	1824	
1825	1826	
1825	1827	
1826	1828	
1828	1829	1830	
1821	1829	1831	
1831	
1822	1832	
1830	1833	
1832	1834	
1835	1836	
1835	1837	1838	
1833	1837	1839	
1834	1840	
1840	1841	
1838	1842	
1839	1843	
1836	1844	
1841	1845	1846	
1733	1845	
1847	1848	
1216	1753	
1827	1844	
1842	1849	1850	
1849	1851	1852	
1846	1853	
1734	1854	
1855	1856	
1847	1855	
1850	1857	
1447	1857	1858	
1851	1859	
1853	1860	
1860	1861	
1854	1856	1862	
1863	1864	
1858	1865	
1859	1865	1866	
1866	1867	
1867	1868	
1861	1869	
1870	1871	
1862	1870	1872	
1872	1873	
1868	1874	1875	
1874	1876	
1876	1877	
1877	1878	
1869	1878	1879	
1879	1880	
1871	1881	
1873	1882	
1882	1883	1884	
1875	1885	
1880	1886	
1886	1887	
1881	1888	
1888	1889	1890	
1883	1891	
1892	1893	
1892	1894	
1894	1895	
1896	1897	
1885	1896	1898	
1898	1899	
1899	1900	
1887	1889	
1890	1901	1902	
1891	1901	
1378	1893	1903	
1895	1897	1904	
1900	1905	
1906	1907	
1902	1906	
1903	1908	
1904	1909	1910	
1909	1911	
1910	1912	
1912	1913	1914	
1913	1915	
1905	1915	1916	
1916	1917	1918	
1917	1919	
1919	1920	
1920	1921	1922	
1907	1921	
1908	1923	1924	
1390	1923	1925	
1911	1924	
1914	1926	
1918	1927	
1922	1928	
1925	1929	
1930	1931	
1926	1930	1932	
1933	1934	
1927	1933	1935	
1935	1936	
1928	1937	
1938	1939	
1938	1940	
1929	1941	1942	
1941	1943	
1942	1944	
1944	1945	
1931	1945	
1932	1934	1946	
1946	1947	
1936	1948	1949	
1948	1950	
1937	1950	1951	
1951	1952	1953	
1952	1954	
1939	1954	1955	
1947	1956	1957	
1956	1958	
1958	1959	
1949	1959	1960	
1953	1961	
1955	1962	
1963	1964	
1957	1963	
1960	1965	1966	
1965	1967	
1966	1968	
1961	1968	1969	
1969	1970	
1962	1971	
1972	1973	1974	
1964	1975	1976	
1977	1978	
1967	1977	1979	
1970	1980	
1971	1980	1981	
1981	1982	1983	
1982	1984	
1436	1985	
1986	1987	
1985	1986	1988	
1987	1989	1990	
1975	1989	
1976	1991	
1991	1992	1993	
1978	1992	
1979	1994	
1994	1995	
1995	1996	
1983	1997	
1988	1998	
1990	1999	
1993	2000	2001	
1972	1996	2002	
2002	2003	
1997	2003	2004	
1863	2004	2005	
2005	2006	
1998	2007	
1999	2008	
2000	2008	
2001	2009	
2009	2010	
2010	2011	
2011	2012	2013	
1973	2012	
1984	2014	
1843	1852	
1419	1943	
2007	2015	
2013	2016	
2017	2018	2019	
1864	2020	2021	
2015	2022	
2022	2023	
2016	2024	2025	
2024	2026	
2025	2027	2028	
2017	2027	
2018	2020	2029	
2029	2030	
2031	2032	2033	
2021	2031	
2023	2034	
2035	2036	
2035	2037	
2037	2038	2039	
2026	2038	
2028	2040	
2030	2041	
2032	2042	
1485	2043	
2034	2043	2044	
2045	2046	
2036	2045	
2039	2047	2048	
2047	2049	
2049	2050	2051	
2040	2050	
2041	2052	2053	
2052	2054	2055	
2054	2056	
2042	2056	2057	
2044	2058	2059	
2046	2058	2060	
2060	2061	
2061	2062	
2062	2063	
2048	2064	
2063	2064	2065	
2051	2066	2067	
2068	2069	
2053	2068	
2055	2070	
2071	2072	
2059	2073	
2073	2074	
2065	2075	
2075	2076	2077	
2066	2076	
2067	2069	2078	
2078	2079	2080	
2081	2082	
2070	2081	2083	
2071	2084	2085	
2074	2086	2087	
2086	2088	
2077	2089	
2079	2090	
2080	2082	2091	
2083	2084	
2092	2093	2094	
2087	2095	
2088	2096	
2096	2097	2098	
2097	2099	
2099	2100	
2089	2101	2102	
2100	2101	
2102	2103	
2090	2104	2105	
2104	2106	2107	
2091	2106	
2095	2108	2109	
2108	2110	2111	
2110	2112	
2098	2113	
2103	2105	2114	
2107	2115	2116	
2117	2118	
2117	2119	
2119	2120	
2111	2121	
2112	2113	2122	
2122	2123	
2124	2125	
2124	2126	
2125	2127	2128	
2114	2127	2129	
2115	2129	
2116	2118	2130	
2130	2131	
2121	2132	
1549	2132	
2123	2133	
2126	2134	
2128	2135	
2135	2136	
2131	2137	2138	
2137	2139	
2139	2140	2141	
2133	2142	
2143	2144	
2134	2143	
2136	2145	2146	
2145	2147	
2138	2147	2148	
2142	2149	
2144	2150	2151	
2152	2153	
2152	2154	
2154	2155	2156	
2146	2155	
2148	2157	
2157	2158	2159	
2160	2161	
2149	2162	
2150	2162	
2151	2153	2163	
2163	2164	
2156	2165	
2166	2167	
2158	2166	
2159	2168	
2160	2169	
2164	2170	
2165	2167	2171	
2171	2172	2173	
1464	2174	
2175	2176	
2170	2175	2177	
2161	2172	
2173	2178	
2092	2178	
2093	2179	
2174	2180	
2180	2181	2182	
2181	2183	
2183	2184	
2184	2185	2186	
2176	2185	
2169	2177	
1522	2109	
2168	2187	
2179	2188	
2120	2140	2189	
2182	2190	
1974	2019	
1680	2191	
1594	2192	
2190	2192	2193	
2186	2194	
2195	2196	
2094	2197	
2197	2198	
2193	2199	
2194	2200	
2201	2202	
2201	2203	
2195	2203	
2196	2204	
2199	2205	
1628	2205	
2206	2207	
2200	2206	2208	
2202	2208	2209	
2204	2210	
2210	2211	2212	
2211	2213	
2213	2214	
2214	2215	
2216	2217	
2207	2216	2218	
2218	2219	
2219	2220	2221	
2209	2220	
2212	2222	
1637	2223	
2223	2224	
2224	2225	2226	
2217	2225	
2221	2227	2228	
2227	2229	
2229	2230	
2230	2231	
2222	2231	2232	
2232	2233	
2226	2234	
2228	2235	
2233	2236	2237	
2236	2238	
2234	2239	
2239	2240	
2235	2241	
2241	2242	
2237	2243	
2238	2244	
2244	2245	
2240	2246	2247	
2246	2248	
2242	2249	
2249	2250	2251	
2250	2252	
2243	2253	
2252	2253	2254	
2245	2255	
2247	2256	
2248	2257	
2251	2258	
2254	2259	
2191	2260	
2260	2261	
2256	2262	2263	
2261	2262	
2263	2264	
2257	2264	2265	
2266	2267	
2258	2266	2268	
2259	2269	
2270	2271	
2265	2272	
2267	2272	2273	
2273	2274	
2268	2275	
2275	2276	
2269	2277	
2277	2278	
2270	2279	
2279	2280	
2274	2276	2281	
2278	2282	
2280	2283	2284	
2281	2285	
2282	2286	
2283	2286	2287	
2285	2288	
2288	2289	
2290	2291	
2292	2293	
2287	2292	2294	
2295	2296	
1709	2297	
1742	2298	
2299	2300	
2299	2301	
2289	2302	
2303	2304	
2303	2305	
2290	2304	
2291	2293	2306	
1744	2307	
2297	2300	2308	
2308	2309	
2301	2310	
2310	2311	2312	
2311	2313	
2302	2313	2314	
2295	2305	
2306	2315	
2307	2315	2316	
2316	2317	
1736	1747	2309	
1741	2312	
2296	2298	2314	
2318	2319	
2320	2321	2322	
2320	2323	
2324	2325	
2326	2327	
2318	2323	2328	
2321	2329	
2329	2330	
2324	2331	2332	
2331	2333	
2334	2335	
2333	2334	2336	
2326	2335	2337	
2337	2338	
2339	2340	
2339	2341	
2328	2341	2342	
2342	2343	
2330	2344	2345	
2344	2346	
2345	2347	
2332	2347	2348	
2348	2349	
2336	2350	2351	
2350	2352	
2338	2353	
1762	2354	
2340	2354	
2343	2355	
2355	2356	
2346	2357	
2349	2358	2359	
2351	2358	
2352	2360	2361	
2360	2362	
2356	2357	2363	
2359	2364	
2361	2365	
2363	2366	
2366	2367	
2364	2368	
2368	2369	2370	
2371	2372	
2371	2373	2374	
2365	2373	2375	
2375	2376	
2367	2377	
2377	2378	2379	
2369	2378	
2370	2372	2380	
2374	2381	
37	2376	2382	
2382	2383	
1799	2384	
2379	2385	
2380	2386	
2386	2387	
2381	2383	2388	
2384	2389	
2389	2390	
2390	2391	2392	
2391	2393	
2394	2395	
2393	2394	2396	
2395	2397	
2397	2398	
2385	2398	2399	
2400	2401	
2387	2400	2402	
2403	2404	
2388	2403	2405	
2405	2406	
2392	2407	
2396	2408	2409	
2399	2401	2410	
2410	2411	
2402	2412	2413	
2404	2412	
75	2406	2414	
99	2414	
2407	2415	2416	
2408	2415	
2409	2417	
2417	2418	
2411	2419	2420	
2413	2421	
2422	2423	
2416	2422	
2418	2419	
2420	2424	
2424	2425	
2425	2426	2427	
2421	2426	
17	2353	2362	
1820	2428	
2428	2429	
2423	2429	2430	
2427	2431	2432	
2431	2433	
2433	2434	2435	
2434	2436	
2436	2437	
2430	2438	
2438	2439	
2432	2440	
2435	2441	
2439	2442	2443	
2442	2444	
2444	2445	
2445	2446	
2447	2448	
2449	2450	
2447	2449	
2440	2450	2451	
2441	2451	2452	
2453	2454	
2453	2455	
2443	2455	2456	
2457	2458	
2446	2459	2460	
2457	2459	2461	
2448	2460	
2452	2462	
2462	2463	2464	
2463	2465	
1848	2454	
162	2465	2466	
2456	2467	
2458	2467	2468	
2461	2469	
2470	2471	
2464	2470	2472	
2469	2473	
100	2437	
2322	2474	2475	
2471	2476	
2468	2477	
2478	2479	
2473	2480	
2476	2481	2482	
2483	2484	
2472	2485	
2485	2486	2487	
2466	2486	
2488	2489	
2477	2488	
2480	2481	2490	
2490	2491	
2482	2492	
2492	2493	
2487	2494	2495	
2489	2496	2497	
2498	2499	
2498	2500	
2491	2500	
2493	2494	2501	
2501	2502	
2495	2503	
188	2503	2504	
2505	2506	
2507	2508	
2496	2507	
2497	2499	2509	
2509	2510	
2502	2511	2512	
2504	2513	
1884	2505	
2506	2508	2514	
2510	2515	
2511	2516	
2512	2513	2517	
2517	2518	
2514	2519	
2519	2520	
2515	2521	
2522	2523	
2516	2522	
2518	2524	
2520	2525	
2521	2526	
2526	2527	
2528	2529	
2523	2528	
2524	2530	
2525	2531	2532	
2531	2533	
2527	2534	2535	
2536	2537	
2529	2536	2538	
177	2539	
220	2530	2539	
2532	2540	
2540	2541	2542	
2533	2543	2544	
2543	2545	
2534	2544	
2535	2546	
2537	2546	2547	
2538	2548	
2549	2550	
1940	2551	
2541	2551	
2542	2545	2552	
2553	2554	
2547	2553	2555	
2555	2556	
2548	2556	2557	
2557	2558	
2552	2559	
2559	2560	
2554	2561	
2558	2562	
248	2563	
2560	2564	
2561	2565	
2562	2566	
2566	2567	
2567	2568	2569	
2568	2570	
2563	2570	
2014	2571	
2564	2571	2572	
2573	2574	
2565	2575	
2569	2576	
2572	2573	2577	
2574	2578	
2578	2579	2580	
2579	2581	
2575	2581	2582	
2582	2583	
2576	2584	2585	
2584	2586	
278	2586	
2577	2587	
2587	2588	
2580	2589	
2583	2590	
2590	2591	
2585	2592	
2592	2593	
2006	2594	
2588	2594	2595	
2589	2596	
2591	2597	
2478	2593	2598	
2549	2598	
302	2550	
2595	2599	
2599	2600	
2596	2601	
2479	2602	
2483	2603	
2484	2597	2604	
2033	2605	
2605	2606	
2600	2606	2607	
2608	2609	
2608	2610	2611	
2612	2613	
2602	2614	2615	
2607	2616	
2609	2616	
2610	2617	
2614	2618	
2618	2619	2620	
2617	2621	
2621	2622	2623	
2622	2624	
2624	2625	
2619	2625	
2620	2626	
2626	2627	
2057	2628	
2623	2629	
2627	2630	
2072	2628	2631	
2631	2632	
2629	2633	
2633	2634	
2630	2635	
2635	2636	2637	
350	2636	
2632	2638	2639	
2638	2640	
2634	2641	
2637	2642	
2085	2643	
2639	2643	2644	
2640	2645	
2641	2646	
2646	2647	
2647	2648	
2648	2649	2650	
2649	2651	
2642	2651	2652	
448	2652	
2644	2653	
2653	2654	2655	
2645	2654	2656	
2656	2657	
2657	2658	
2650	2659	
2655	2660	
2658	2661	
2659	2662	
2663	2664	
2189	2665	
392	449	
2660	2665	2666	
2666	2667	
2661	2668	
2668	2669	
2669	2670	
2670	2671	
2671	2672	
2672	2673	
2662	2674	
2141	2675	
2667	2676	2677	
2673	2678	
2678	2679	
2674	2679	2680	
2680	2681	
411	2681	
2675	2676	2682	
2682	2683	
2677	2684	
2684	2685	
2683	2686	2687	
2686	2688	
2685	2689	
2689	2690	2691	
2692	2693	
2187	2687	2694	
2688	2690	2695	
2691	2696	
2696	2697	
2694	2698	
2698	2699	2700	
2695	2699	
2697	2701	2702	
2701	2703	
2703	2704	
450	2612	
2705	2706	
2700	2705	2707	
2707	2708	
2702	2709	
2709	2710	2711	
2704	2712	
2188	2706	2713	
2714	2715	2716	
2708	2714	
2710	2715	
2601	2603	2611	
2663	2711	2712	
2604	2615	
2271	2717	
2713	2718	
2716	2719	
2664	2720	
2720	2721	2722	
2723	2724	
2692	2723	2725	
2325	2726	
2727	2728	
2719	2729	
2721	2730	
2724	2731	
2732	2733	
2732	2734	
2735	2736	
2215	2727	2735	
2736	2737	
2737	2738	
2738	2739	
2739	2740	2741	
2729	2740	2742	
2742	2743	
2743	2744	
2730	2745	
2731	2733	2746	
2746	2747	
468	2734	
2741	2748	
2744	2749	
2749	2750	2751	
2745	2750	2752	
2752	2753	
2753	2754	2755	
2747	2754	
2748	2756	2757	
2756	2758	
2758	2759	
2751	2760	
2755	2761	
2757	2762	
2762	2763	
2759	2764	2765	
2760	2764	2766	
2766	2767	
2761	2768	2769	
2768	2770	
2770	2771	
495	2772	
2773	2774	
2763	2773	2775	
2765	2776	
2767	2777	2778	
2769	2777	2779	
2779	2780	
2771	2772	2781	
2255	2717	2782	
2774	2783	
2782	2783	
2775	2784	2785	
2784	2786	
2786	2787	
2787	2788	2789	
2776	2788	2790	
2790	2791	
2778	2791	2792	
2792	2793	
2780	2793	2794	
2781	2795	2796	
2795	2797	
518	2796	
2327	2798	
2785	2799	
2799	2800	
2800	2801	
2789	2802	
2794	2803	2804	
2797	2803	
2801	2805	2806	
2802	2805	2807	
2808	2809	
2808	2810	
2804	2809	2811	
2811	2812	
2806	2813	
2807	2814	
2814	2815	2816	
2810	2815	2817	
2812	2818	2819	
2820	2821	
2820	2822	
2284	2823	
2823	2824	
2813	2825	
2825	2826	
2816	2827	
2817	2828	2829	
2818	2828	
2819	2821	2830	
538	2822	2831	
2824	2832	
2826	2833	
2833	2834	2835	
2827	2834	2836	
2836	2837	2838	
2829	2837	
2830	2839	
2839	2840	
2831	2841	
2842	2843	2844	
2832	2842	2845	
2845	2846	
2835	2847	
2838	2848	
2840	2849	2850	
2726	2851	2852	
2849	2853	2854	
2843	2855	2856	
2846	2857	2858	
2857	2859	
2860	2861	
2860	2862	
2847	2862	2863	
2864	2865	
2848	2864	2866	
2866	2867	
2867	2868	
2850	2869	
2868	2869	2870	
2853	2871	
2855	2858	2872	
2872	2873	
2859	2874	2875	
2861	2874	2876	
2863	2877	
2851	2865	2877	
2870	2878	
2798	2878	2879	
2871	2879	
2873	2880	
2875	2881	
2319	2880	2881	
2474	2876	
2317	2856	
2294	2844	
568	2841	2854	
2852	2882	
2198	2718	2728	
2693	2722	
2613	2725	
2475	2882	
