1	2	
1	3	
4	5	
6	7	
8	9	10	
8	11	
12	13	
14	15	
14	16	
11	15	17	
3	18	19	
20	21	
4	22	23	
6	22	24	
7	9	25	
25	26	
16	27	28	
27	29	
30	31	
18	30	
19	20	32	
21	23	33	
33	34	35	
34	36	37	
24	36	38	
26	38	39	
40	41	42	
43	44	
43	45	
31	44	46	
47	48	
32	47	49	
49	50	
35	50	
37	51	
39	52	53	
52	54	
54	55	
56	57	
58	59	
45	60	
46	61	62	
60	61	63	
48	62	64	
64	65	
51	66	67	
53	66	
55	56	68	
68	69	
57	58	70	
70	71	72	
63	73	
65	74	75	
74	76	
77	78	
67	79	
69	80	81	
71	82	
73	83	
75	83	84	
76	77	
78	85	
79	85	86	
86	87	
80	88	
88	89	
81	82	90	
90	91	92	
93	94	
84	95	
95	96	
87	97	
97	98	99	
89	98	100	
100	101	102	
91	101	
92	93	103	
103	104	
96	105	
99	106	
102	107	
104	108	109	
110	111	
105	110	
106	107	112	
108	113	
114	115	
112	114	
116	117	
113	116	118	
115	119	
117	120	
119	121	
121	122	123	
122	124	
120	124	125	
123	126	
125	127	
127	128	129	
126	128	
129	130	131	
130	132	
133	134	
133	135	
135	136	
131	137	
137	138	
134	139	
136	140	
138	141	
142	143	
142	144	
144	145	
139	146	147	
146	148	149	
140	148	150	
150	151	
143	152	153	
145	147	154	
154	155	156	
149	157	
151	158	
158	159	
159	160	
160	161	
161	162	
162	163	
164	165	
152	164	166	
166	167	
155	167	168	
156	157	169	
169	170	
163	171	
171	172	
165	173	
168	174	175	
173	174	176	
170	175	177	
176	178	
177	179	
179	180	
178	181	
180	182	
181	182	183	
183	184	
184	185	186	
187	188	
189	190	
185	189	
186	191	
191	192	193	
192	194	
194	195	
5	196	
190	197	
193	198	
195	199	
200	201	
200	202	
197	203	
203	204	205	
204	206	
198	206	207	
207	208	209	
208	210	
199	210	211	
211	212	
213	214	
201	213	
215	216	
217	218	
205	217	219	
220	221	
209	220	222	
212	223	
223	224	225	
224	226	227	
226	228	
214	228	229	
229	230	231	
215	218	232	
219	221	233	
222	234	
234	235	236	
225	237	
227	238	239	
230	238	240	
231	241	
241	242	243	
244	245	
242	244	
246	247	248	
40	246	249	
232	247	
250	251	
233	250	252	
252	253	254	
235	253	
236	255	
237	255	
239	256	
240	257	258	
243	257	259	
248	260	261	
251	260	262	
262	263	264	
254	263	265	
266	267	
256	266	268	
258	268	269	
269	270	271	
270	272	
259	272	273	
273	274	
41	275	276	
261	275	277	
277	278	
264	278	279	
265	280	
280	281	282	
283	284	
267	285	286	
271	287	
274	288	
28	289	290	
276	291	
292	293	
279	281	292	
282	294	
294	295	296	
283	295	
153	297	
284	285	298	
286	287	
172	299	300	
293	301	
301	302	
296	303	304	
303	305	
306	307	
12	308	309	
302	304	310	
310	311	312	
305	313	314	
313	315	
306	315	316	
316	317	
318	319	
308	318	
311	320	
312	314	321	
321	322	
317	323	
323	324	
319	324	325	
320	326	
326	327	328	
322	329	
325	330	331	
330	332	
331	333	
333	334	335	
327	336	
328	337	
337	338	339	
329	338	
340	341	
332	342	343	
334	342	344	
336	345	
339	346	
340	347	
341	348	
343	348	349	
344	350	
345	351	
351	352	
346	353	354	
353	355	
356	357	
347	356	358	
358	359	
349	360	
360	361	
352	362	363	
362	364	365	
354	364	
355	366	367	
357	366	
359	368	369	
361	368	370	
371	372	
373	374	
373	375	
375	376	377	
376	378	
363	378	379	
365	380	381	
367	382	
382	383	384	
385	386	
383	385	387	
369	386	388	
388	389	390	
389	391	392	
370	391	393	
371	393	394	
377	395	
379	396	
380	396	397	
381	398	
398	399	
384	399	400	
387	401	402	
390	401	403	
392	404	
404	405	406	
394	405	
395	407	
407	408	409	
410	411	
412	413	
397	412	
400	414	415	
402	414	416	
403	417	
406	418	
408	419	420	
409	410	421	
411	413	422	
415	423	
423	424	425	
416	426	427	
424	426	428	
417	427	429	
429	430	
418	431	
419	432	433	
432	434	
421	434	435	
435	436	
422	436	437	
437	438	
425	439	
428	440	441	
430	440	442	
431	443	
438	444	
444	445	446	
445	447	
439	447	448	
448	449	450	
441	449	
442	451	
451	452	
452	453	
443	454	455	
453	454	456	
457	458	
446	457	459	
450	460	
456	461	462	
458	463	
459	464	
464	465	
460	466	
467	468	
467	469	
469	470	471	
461	470	
463	472	
465	473	474	
466	473	475	
475	476	
468	477	
471	478	479	
478	480	
472	481	
474	482	
476	483	484	
483	485	
477	485	486	
486	487	488	
479	487	
489	490	
481	489	491	
491	492	493	
492	494	
482	495	496	
494	495	497	
484	496	498	
488	499	
490	500	501	
493	502	503	
502	504	505	
497	504	
498	506	
506	507	
508	509	
499	508	510	
510	511	
511	512	
500	513	
513	514	
501	503	515	
515	516	517	
505	518	519	
507	520	521	
509	520	
522	523	
514	516	524	
517	518	525	
519	526	
526	527	
528	529	
521	528	
530	531	
530	532	
524	533	
525	534	
534	535	536	
527	537	538	
537	539	
529	539	
531	540	541	
532	542	543	
533	544	545	
542	544	
535	545	546	
536	538	547	
547	548	
540	549	550	
549	551	552	
543	550	
546	553	
553	554	555	
548	554	556	
551	557	558	
557	559	
560	561	
555	560	562	
556	563	564	
563	565	
565	566	
567	568	
569	570	
571	572	573	
558	574	
559	575	
575	576	577	
561	576	
562	578	
564	578	579	
579	580	
566	567	581	
581	582	583	
568	584	585	
569	584	
570	586	587	
586	588	
577	589	
580	590	591	
582	590	
585	592	
583	592	
588	593	594	
589	595	
591	596	
593	597	
597	598	
599	600	
599	601	
595	601	602	
603	604	
596	603	605	
605	606	
598	607	608	
522	609	
602	610	
610	611	612	
611	613	
614	615	
604	614	
606	616	
607	617	
612	618	
613	615	619	
616	620	
621	622	
620	621	623	
622	624	
625	626	
617	625	627	
618	628	
628	629	
630	631	632	
619	630	
623	633	
624	634	
571	626	635	
2	629	631	
196	632	
289	572	
10	633	
17	634	636	
635	636	
298	307	
512	637	
433	638	
290	639	640	
639	641	
641	642	643	
644	645	
646	647	
646	648	
649	650	
640	651	652	
651	653	654	
642	653	
644	655	
655	656	657	
648	656	658	
659	660	
649	659	661	
652	662	
654	663	
664	665	
664	666	
657	667	
658	668	669	
670	671	
668	670	
671	672	673	
660	672	
663	665	674	
674	675	
666	676	
667	677	678	
669	677	679	
679	680	681	
680	682	
673	683	
684	685	
684	686	687	
675	686	
688	689	
676	688	690	
690	691	
678	691	692	
692	693	
681	693	
682	683	
694	695	
687	696	
689	697	
94	698	699	
696	698	700	
697	701	
702	703	
700	702	
704	705	
704	706	
701	706	707	
109	703	708	
705	709	710	
709	711	712	
707	711	713	
713	714	
708	715	716	
715	717	
710	717	
712	718	719	
718	720	
714	720	721	
721	722	
722	723	
723	724	
724	725	
726	727	
13	288	728	
716	729	
72	685	699	
719	730	
730	731	
725	732	733	
732	734	
734	735	
735	736	
726	736	737	
738	739	
738	740	
731	741	
733	742	
737	743	
740	744	
741	745	746	
744	745	747	
746	748	
749	750	
751	752	
742	751	
743	753	
747	754	
748	749	755	
750	756	
756	757	758	
752	757	
753	759	
759	760	761	
132	762	
762	763	764	
754	763	765	
755	766	
766	767	768	
767	769	
758	769	770	
771	772	
760	771	773	
764	774	
765	775	776	
775	777	
777	778	779	
768	778	
770	780	
772	781	
781	782	
773	783	
141	774	784	
784	785	
776	786	
786	787	788	
779	787	789	
790	791	
790	792	793	
780	792	
782	794	795	
794	796	797	
783	796	798	
785	799	800	
788	799	801	
789	802	803	
802	804	
791	804	805	
793	806	807	
806	808	
808	809	
810	811	
809	810	812	
795	811	813	
797	814	
299	815	
800	815	
801	816	817	
803	816	
805	818	819	
818	820	
807	819	821	
821	822	
812	823	824	
823	825	826	
813	825	827	
814	827	828	
727	829	
817	830	
830	831	
820	832	
822	833	
824	834	
826	835	
835	836	
828	836	837	
837	838	
300	839	
839	840	
840	841	
831	841	842	
832	843	
844	845	846	
834	847	848	
833	844	847	
848	849	
850	851	
842	850	852	
843	852	853	
853	854	855	
854	856	
845	857	
856	857	858	
846	859	860	
849	859	861	
851	862	863	
855	862	864	
864	865	
858	866	
860	867	
866	867	868	
861	869	
869	870	871	
870	872	
873	
874	875	
863	874	876	
865	877	878	
868	879	880	
881	882	
871	881	
872	883	
187	873	884	
875	885	
884	885	886	
887	888	
876	887	889	
877	889	
878	890	
879	890	
880	882	891	
891	892	893	
894	895	
883	894	
896	897	898	
886	896	899	
899	900	
888	900	901	
892	902	
893	903	
903	904	905	
895	904	
897	906	
901	907	
902	908	
905	909	
906	910	911	
910	912	
912	913	914	
907	913	915	
915	916	
908	917	
909	917	918	
918	919	
919	920	
911	921	
245	921	922	
914	923	
916	924	
920	925	926	
925	927	
928	929	
927	928	930	
922	931	
932	933	
923	932	934	
924	934	935	
935	936	
926	937	
930	938	
931	939	
939	940	
933	941	942	
936	943	944	
943	945	
946	947	
937	948	
946	948	949	
938	950	
940	941	951	
942	952	
944	952	953	
945	954	
954	955	956	
955	957	958	
947	957	
949	959	
959	960	
728	961	
951	962	
962	963	
953	964	
964	965	
956	966	
958	967	
960	968	
961	963	969	
965	970	971	
966	970	972	
973	974	
967	973	975	
975	976	977	
976	978	
978	979	
968	979	980	
118	729	739	
972	974	981	
982	983	
694	838	
29	59	662	
188	202	898	
309	984	
969	984	985	
985	986	
987	988	
971	987	989	
981	990	
991	992	993	
977	994	
995	996	
986	997	
988	998	
997	998	999	
989	990	
1000	1001	
994	1000	1002	
1003	1004	
995	1003	
999	1005	
1006	1007	
1001	1006	1008	
1002	1004	1009	
1009	1010	
1011	1012	
1011	1013	
1013	1014	
335	1015	
1005	1016	1017	
1016	1018	
1018	1019	
1007	1019	1020	
1008	1010	1021	
1021	1022	
1012	1023	
1015	1024	1025	
1024	1026	
1026	1027	1028	
1017	1027	
1020	1029	
1022	1029	1030	
1031	1032	
1031	1033	
1023	1033	1034	
350	1035	1036	
1025	1035	1037	
1037	1038	
1028	1038	
1030	1039	
1032	1039	1040	
1034	1041	
1041	1042	1043	
1042	1044	
1036	1045	
1040	1046	
1046	1047	
1047	1048	
1048	1049	
1043	1049	1050	
1050	1051	
1052	1053	
372	1045	1052	
1053	1054	
1054	1055	
1055	1056	
1056	1057	
1057	1058	
1058	1059	
1060	1061	
1059	1060	1062	
1062	1063	
1063	1064	
1061	1065	
1064	1066	
1066	1067	
455	1068	
1068	1069	1070	
1069	1071	
1071	1072	
1072	1073	1074	
1065	1073	1075	
1075	1076	
1067	1077	
1078	1079	
1080	1081	
462	1070	1082	
1074	1083	1084	
1083	1085	
1076	1086	
1077	1078	1087	
1087	1088	
1079	1080	1089	
1081	1090	
1090	1091	1092	
1082	1093	
1085	1093	1094	
1084	1086	
1088	1095	1096	
1089	1095	1097	
1097	1098	
1091	1098	1099	
1092	1100	
1100	1101	1102	
650	1103	1104	
1094	1105	
1105	1106	
1107	1108	
1096	1107	
1099	1109	1110	
1101	1109	1111	
480	1106	
1108	1112	
1112	1113	
1110	1114	
1111	1115	
1113	1116	1117	
1114	1116	1118	
1118	1119	
1115	1120	
1120	1121	
1122	
1117	1123	
1123	1124	1125	
1119	1126	1127	
1121	1126	1128	
1129	1130	
1129	1131	
1131	1132	1133	
1132	1134	
1122	1134	1135	
1135	1136	
1124	1136	1137	
1125	1127	1138	
1138	1139	1140	
1139	1141	
1128	1141	1142	
637	1143	
1143	1144	1145	
1144	1146	
1146	1147	
1147	1148	1149	
1130	1148	
1133	1150	
1137	1151	
1140	1151	1152	
1145	1153	
1149	1154	
1155	1156	
1150	1157	1158	
1157	1159	
1152	1160	
1160	1161	
1153	1162	
1162	1163	
1154	1155	1164	
1164	1165	
1156	1158	1166	
1166	1167	1168	
1159	1169	1170	
1171	1172	
1169	1171	1173	
1161	1172	1174	
1163	1175	1176	
1175	1177	1178	
1165	1177	
1167	1179	
1168	1170	1180	
1173	1181	1182	
1174	1183	
1181	1183	1184	
1185	1186	
1176	1185	1187	
1178	1188	1189	
1188	1190	
1190	1191	
1179	1191	1192	
1180	1193	1194	
1192	1193	1195	
1182	1194	1196	
1184	1197	1198	
1199	1200	
1197	1199	1201	
1200	1202	1203	
1202	1204	
991	1204	
1187	1205	1206	
1205	1207	
1189	1206	1208	
1208	1209	
1195	1210	1211	
1210	1212	
1196	1212	1213	
1198	1213	1214	
1201	1215	1216	
1203	1217	1218	
992	1217	1219	
1207	1220	
594	1220	1221	
1209	1222	
1223	1224	
1211	1223	
1214	1225	
1215	1225	1226	
1216	1218	1227	
1227	1228	1229	
1219	1230	
1221	1231	
1222	1232	
1232	1233	
1224	1233	1234	
1226	1235	1236	
1235	
1228	1236	
1229	1230	
1234	1237	
1238	1239	
1237	1240	
1240	1241	
1242	1243	1244	
627	1238	1242	
1243	1245	
1245	1246	
1241	1247	
573	1244	
1246	1248	
1247	1249	
1250	1251	
1103	1252	
1252	1253	1254	
1248	1255	
643	1255	
1249	1256	1257	
645	1256	
647	1250	1257	
1251	1258	
1104	1258	
608	1231	1239	
980	996	1259	
587	1186	
982	1259	
1044	1260	1261	
1262	1263	1264	
661	1262	1265	
1266	1267	
1268	1269	1270	
1268	1271	1272	
1271	1273	
1273	1274	
1265	1275	
1269	1276	
1275	1276	1277	
1274	1278	
1279	1280	
1281	1282	
1283	1284	
1283	1285	
1277	1286	
1287	1288	
1278	1287	1289	
1289	1290	
1279	1291	
1280	1281	1292	
1282	1284	1293	
1293	1294	
1285	1295	
1295	1296	1297	
1286	1298	
1288	1299	
1290	1300	
1301	1302	
1291	1301	1303	
1303	1304	1305	
1292	1304	1306	
1294	1306	1307	
1296	1308	
1298	1309	1310	
1299	1309	1311	
1311	1312	
1300	1313	1314	
1302	1313	1315	
1305	1316	1317	
1316	1318	1319	
1307	1318	
1310	1320	
1320	1321	
1312	1322	1323	
1314	1322	
1315	1324	
1317	1324	
1319	1325	
1325	1326	
1321	1327	1328	
1323	1327	
1326	1329	1330	
1329	1331	
1331	1332	1333	
1332	1334	
1328	1335	
1336	1337	
1330	1336	1338	
1338	1339	1340	
1333	1339	1341	
1342	1343	
1342	1344	1345	
1335	1343	1346	
1346	1347	1348	
1347	1349	
1350	1351	
1337	1352	
1352	1353	1354	
1340	1353	
1341	1355	
1355	1356	1357	
829	1344	
1345	1358	1359	
1348	1358	1360	
1349	1350	1361	
1361	1362	1363	
1351	1364	
1364	1365	1366	
1365	1367	
1354	1368	
1359	1369	
1360	1362	
1363	1370	1371	
1370	1372	
1366	1372	1373	
1367	1374	1375	
1368	1374	
1376	1377	
1369	1378	
1378	1379	
1380	1381	
1371	1380	1382	
1373	1383	1384	
1375	1383	
1385	1386	
1376	1385	
1379	1381	1387	
1382	1388	
1388	1389	
1384	1389	
1386	1390	
761	1391	
1392	1393	
1387	1392	
1394	1395	
1390	1396	
1391	1397	
1393	1397	1398	
1399	1400	
1399	1401	
1394	1401	1402	
1395	1403	
1403	1404	1405	
1396	1404	
1398	1406	
1407	1408	
1400	1407	1409	
1409	1410	
1402	1410	1411	
1411	1412	
1412	1413	1414	
1405	1413	
798	1415	
1415	1416	
1406	1416	1417	
1417	1418	
1419	1420	
1408	1421	1422	
1414	1423	1424	
1423	1425	
1266	1426	
1418	1427	
1419	1427	1428	
1420	1421	1429	
1422	1430	
1430	1431	
1424	1432	
1425	1433	1434	
1435	1436	
1426	1433	1435	
1437	1438	
1428	1437	1439	
1439	1440	
1429	1440	1441	
1441	1442	
1442	1443	
1443	1444	1445	
1431	1444	1446	
1432	1446	1447	
1447	1448	
1434	1449	
1450	1451	
1450	1452	
1438	1452	1453	
1445	1454	
1448	1455	1456	
1449	1457	
1457	1458	1459	
1458	1460	
1461	1462	1463	
1451	1464	
1453	1465	
1465	1466	1467	
1454	1455	1468	
1468	1469	
1456	1470	
1470	1471	1472	
1459	1471	
1461	1473	1474	
695	1475	1476	
1464	1475	1477	
1466	1477	1478	
1467	1479	
1469	1480	
1480	1481	
1472	1481	1482	
1483	1484	
1476	1485	
1485	1486	1487	
1478	1486	1488	
1479	1489	1490	
1488	1489	1491	
1490	1492	
1482	1493	
1483	1493	1494	
1487	1495	
1491	1496	
1492	1497	
1497	1498	
1498	1499	
1499	1500	
1500	1501	1502	
1501	1503	
1504	1505	
1506	1507	
1494	1506	1508	
1509	1510	
1495	1511	
1511	1512	
1496	1512	1513	
1513	1514	
1502	1515	
1503	1504	1516	
1505	1507	1517	
1514	1518	
1519	1520	
1515	1519	1521	
1522	1523	
1516	1522	1524	
1524	1525	
1517	1525	1526	
1526	1527	1528	
1509	1527	
1529	1530	
1518	1529	1531	
1531	1532	
1520	1533	
1533	1534	1535	
1521	1536	1537	
1536	1538	
1523	1537	
1528	1539	
1540	1541	
1530	1540	
1532	1534	
1535	1538	1542	
1543	1544	
1539	1543	
929	1545	1546	
1541	1545	
1542	1547	
1547	1548	
1549	1550	
1544	1549	1551	
1551	1552	1553	
1552	1554	
1554	1555	
1546	1556	1557	
1556	1558	
1548	1559	1560	
1550	1559	1561	
1561	1562	1563	
1553	1562	1564	
1555	1565	
950	1557	1566	
1558	1567	1568	
1567	1569	
1569	1570	
1560	
1563	1571	
1564	1572	
1356	1573	
1566	1574	1575	
1574	1576	
1568	1575	1577	
1570	1578	1579	
1578	1580	
1571	1581	
1581	1582	1583	
1572	1582	1584	
1584	1585	
1585	1586	1587	
983	1576	1588	
1577	1589	1590	
1588	1589	1591	
1590	1592	
1579	1592	
1580	1593	
1473	1583	
1462	1594	
1586	1594	1595	
1591	1596	
1593	1597	
1597	1598	
1565	1599	
1263	1270	
1508	1600	
1596	1601	
1598	1602	1603	
1602	1604	
1605	1606	
1605	1607	
1608	1609	1610	
1474	1608	
1463	1611	
1601	1612	
1612	1613	1614	
1603	1615	
1604	1606	1616	
1607	1609	1617	
1610	1618	1619	
1611	1618	1620	
1620	
1014	1613	1621	
1614	1622	
1622	1623	1624	
1625	1626	
1627	1628	
1615	1627	1629	
1629	1630	
1616	1630	1631	
1631	1632	
1617	1633	
1633	1634	1635	
1619	1634	
1621	1636	1637	
1260	1636	
1623	1637	
1624	1625	1638	
1626	1628	1639	
1632	1640	
1635	1641	
1102	1642	
1638	1643	
1643	1644	1645	
1639	1646	
1644	1646	1647	
1640	1648	
1648	1649	1650	
1651	1652	
1641	1653	
1261	1654	1655	
1654	1656	
1645	1657	1658	
1656	1657	1659	
1647	1660	
1649	1661	
1650	1651	1662	
1652	1663	
1653	1663	1664	
1664	1665	1666	
1665	1667	
1655	1668	
1051	1668	1669	
1659	1670	
1658	1671	
1660	1672	1673	
1661	1672	1674	
1674	1675	1676	
1662	1677	
1675	1677	1678	
1666	1679	
1667	1680	
1669	1681	
1670	1682	1683	
1681	1682	1684	
1683	1685	
1685	1686	1687	
1671	1686	1688	
1673	1688	1689	
1689	1690	1691	
1676	1690	1692	
1678	1693	1694	
1693	1695	
1679	1696	1697	
1695	1696	1698	
1697	1699	1700	
1680	1699	1701	
1701	1702	
1684	1703	
1687	1704	
1691	1704	1705	
1692	1706	1707	
1694	1706	1708	
1698	1709	1710	
1700	1711	1712	
1702	1713	1714	
1703	1715	
1705	1716	
1707	1716	1717	
1717	1718	1719	
1708	1720	1721	
1718	1720	
1709	1721	
1710	1711	
1712	1713	1722	
1714	1723	1724	
1715	1725	
1719	1726	
1722	1727	
1727	1728	
1729	1730	1731	
1723	1729	
1725	1732	
1732	1733	
1726	1734	
1728	1730	1735	
1733	1736	
1734	1737	
1738	1739	
1738	1740	
1735	1739	1741	
1741	1742	
1736	1743	
1744	1745	1746	
1737	1744	
1740	1747	
1743	1748	1749	
1748	1750	
1750	1751	
1745	1752	
1751	1752	1753	
1746	1754	
1747	1755	
1642	1756	
1749	1756	
1753	1757	
1757	1758	1759	
1754	1758	1760	
1760	1761	1762	
1761	1763	
1763	1764	1765	
1764	1766	
1766	1767	1768	
1755	1767	1769	
1769	1770	
1759	1771	
1762	1772	1773	
1765	1774	
1768	1775	
1770	1776	
1777	1778	
1771	1772	1777	
1773	1774	1779	
1775	1780	1781	
1776	1780	
1778	1782	1783	
1782	1784	
1779	1784	
1781	1785	
1785	1786	
1787	
1783	1788	
1786	1789	
1142	1790	
1790	1791	
1791	1792	1793	
1787	1792	1794	
1795	1796	
1794	1795	1797	
1796	1798	
1788	1798	1799	
1799	1800	1801	
1800	1802	
1802	1803	1804	
1803	1805	
1789	1806	
1805	1806	1807	
1793	1808	
1808	1809	1810	
1797	1809	1811	
1811	1812	
1813	1814	
1801	1813	1815	
1804	1816	1817	
1807	1818	1819	
1810	1820	
1812	1814	1821	
1815	1816	1822	
1822	1823	
1817	1818	1824	
1819	1825	
1825	1826	
1827	1828	
1827	1829	
1820	1830	1831	
1830	1832	
1821	1832	
1823	1833	
1824	1833	
1826	1828	1834	
1834	1835	
1272	1836	
1837	1838	
1831	1837	
1835	1839	1840	
1839	1841	1842	
1838	1843	
1840	1844	
1844	1845	
1253	1264	
993	1846	
1843	1846	
1845	1847	
1847	1848	1849	
1850	1851	
1850	1852	
1852	1853	
1853	1854	
1854	1855	1856	
1848	1855	
1857	1858	
1851	1859	
1857	1859	
1856	1860	
1860	1861	1862	
1858	1863	
1861	1864	
1865	1866	
1867	1868	
1867	1869	
1863	1869	
1254	1865	
1866	1870	
1836	1870	1871	
1868	1871	
1829	1841	1872	
1873	1874	
1875	1876	
1875	1877	1878	
1877	1879	
1873	1880	1881	
1880	1882	
1881	1883	
1878	1884	
1885	1886	
1885	1887	
1888	1889	1890	
1297	1882	1888	
1883	1889	1891	
1891	1892	
1884	1893	1894	
1893	1895	
1894	1896	
1896	1897	
1887	1897	1898	
1890	1899	1900	
1892	1901	1902	
1895	1903	
1898	1904	1905	
1886	1906	1907	
1899	1901	1908	
1902	1909	
1909	1910	
1903	1911	
1904	1912	
1912	1913	
1914	1915	1916	
1917	1918	
1908	1914	1919	
1919	1920	
1910	1920	1921	
1911	1922	1923	
1913	1922	
1915	1924	1925	
1334	1924	1926	
1925	1927	
1921	1928	
1923	1929	
1929	1930	1931	
1357	1926	1932	
1927	1933	1934	
1933	1935	
1928	1935	1936	
1936	1937	
1937	1938	
1938	1939	
1939	1940	
1940	1941	
1941	1942	
1930	1942	
1931	1943	
1932	1934	1944	
1944	1945	
1943	1946	
1946	1947	
1377	1573	1948	
1949	1950	
1945	1951	
1947	1952	
1948	1951	1953	
1952	1954	
1954	1955	
1953	1956	
1956	1957	
1955	1958	
1957	1959	
1959	1960	
1958	1961	
1961	1962	
1962	1963	
1960	1964	
1964	1965	1966	
1965	1967	
1967	1968	
1963	1969	
1966	1970	
1968	1971	
1267	1972	
1972	1973	
1973	1974	1975	
1974	1976	
1976	1977	1978	
1970	1977	1979	
1979	1980	
1971	1981	
1981	1982	1983	
1984	1985	
1984	1986	
1986	1987	
1949	1988	
1975	1989	
1978	1990	
1980	1982	1991	
1983	1985	1992	
1987	1993	1994	
1436	1995	
1995	1996	
1989	1990	1997	
1997	1998	1999	
1991	2000	
2000	2001	2002	
1992	2001	2003	
2003	2004	2005	
1993	2004	
1994	2006	
1996	1998	2007	
1999	2008	2009	
2008	2010	
2010	2011	
2011	2012	2013	
2002	2012	2014	
2014	2015	2016	
2005	2015	2017	
2017	2018	2019	
2006	2020	2021	
2018	2020	
2021	2022	
2007	2023	2024	
2023	2025	
2024	2026	2027	
2009	2026	2028	
2028	2029	
2029	2030	2031	
2013	2030	
2016	2032	
2019	2033	
2022	2034	
2034	2035	2036	
2037	2038	
1460	2039	2040	
2025	2039	2041	
2041	2042	2043	
2027	2042	
2031	2044	
2032	2033	2045	
2035	2046	
2036	2037	2047	
2047	2048	
2049	2050	
2051	2052	2053	
2043	2051	2054	
2044	2055	
2045	2056	
2056	2057	2058	
2057	2059	
2059	2060	2061	
2046	2060	
1600	2052	2062	
2054	2063	
2063	2064	2065	
2066	2067	
2055	2066	
2058	2068	
2061	2069	
2062	2064	2070	
2065	2067	2071	
2068	2072	
2072	2073	
2069	2073	2074	
2074	2075	
2070	2076	
2076	2077	2078	
2071	2077	2079	
2079	2080	
2080	2081	
2082	
2075	2083	
2049	2084	
1484	2040	2053	
1510	2085	
2078	2086	
2081	2087	
2087	2088	
2082	2088	2089	
2083	2084	2090	
2090	2091	2092	
2085	2086	2093	
2093	
2089	2094	
2094	2095	2096	
2095	2097	
2097	2098	
2098	2099	2100	
2091	2099	
2092	2101	2102	
2101	2103	
2104	2105	
2096	2106	
2107	2108	
2100	2107	2109	
2109	2110	2111	
2102	2112	2113	
2110	2112	
2113	2114	
2115	2116	
2115	2117	
2104	2116	
2105	2118	
2118	2119	2120	
2106	2119	2121	
2108	2122	2123	
2121	2122	
2111	2124	
2117	2125	
2126	2127	
2120	2126	
2123	2124	
1587	1599	2128	
2125	2129	2130	
2129	2131	
2127	2132	
2128	2133	
2133	2134	
2130	2135	
2136	2137	
2131	2132	2136	
1595	2138	
2134	2139	2140	
2139	2141	
2135	2141	2142	
1917	2137	2142	
2138	2140	
1916	2143	
1308	1900	2143	
2144	2145	
1742	2146	2147	
2148	2149	
2148	2150	
2144	2151	
2152	2153	
2150	2154	
2152	2154	2155	
2156	2157	
2151	2156	2158	
2158	2159	
2159	2160	
2153	2160	
2155	2161	
2157	2162	
2161	2163	
2162	2164	
2165	2166	
2165	2167	
2163	2167	2168	
2168	2169	
2170	2171	
2164	2170	2172	
2172	2173	
2173	2174	
2175	2176	
2166	2175	2177	
2169	2178	2179	
2178	2180	
2181	2182	
2171	2181	
2174	2183	
2176	2183	
2177	2184	
2184	2185	
2179	2185	2186	
2180	2187	2188	
2187	2189	2190	
2182	2191	
2186	2192	
2188	2192	2193	
2193	2194	2195	
2194	2196	2197	
1724	2198	
2191	2198	
2195	2199	
2199	2200	
2200	2201	2202	
2201	2203	
1731	2204	
2205	2206	
2205	2207	2208	
2146	2204	2209	
1879	2210	
2209	2211	
2206	2212	
2212	2213	
2214	2215	
1988	2149	
2147	2216	
2211	2217	2218	
2216	2217	2219	
2218	2220	
2213	2214	
2219	2221	
2220	2222	2223	
2221	2222	2224	
2223	2225	
2224	2226	
2225	2227	
2226	2228	2229	
2227	2228	2230	
2230	2231	2232	
2231	2233	
2233	2234	
2229	2235	
2235	2236	2237	
2232	2236	
2234	2238	
2238	2239	
2240	2241	
2237	2242	
2239	2243	
2240	2243	2244	
2241	2245	
2245	2246	
2242	2247	
2244	2248	2249	
2248	2250	
2249	2251	
2251	2252	2253	
2246	2252	2254	
2254	2255	
2247	2256	
2256	2257	
2250	2258	
2253	2259	2260	
2259	2261	
2255	2261	2262	
2262	2263	2264	
2257	2265	
2258	2266	
2260	2267	
2267	2268	2269	
2263	2270	2271	
2265	2272	
2266	2268	2273	
2273	2274	
2269	2275	
2276	2277	
2270	2276	
1872	2272	2278	
2278	2279	
2274	2280	
2275	2277	2281	
2281	2282	2283	
1918	2145	
2279	2284	2285	
2286	2287	
2280	2286	2288	
2282	2289	
2283	2290	
2290	2291	
1876	2292	2293	
2284	2294	2295	
2294	2296	
2296	2297	
2298	2299	
2298	2300	
2287	2300	2301	
2288	2302	2303	
2289	2302	2304	
2304	2305	
2306	2307	
2295	2306	
2297	2308	
2308	2309	2310	
2299	2309	
2301	2311	
2303	2311	2312	
2312	2313	
2305	2313	2314	
2315	2316	
1849	2307	2317	
2317	2318	
2319	2320	
2310	2319	
2314	2315	2321	
2321	2322	
2316	2323	2324	
2323	2325	
2318	2326	2327	
2320	2328	
2322	2329	2330	
2324	2329	2331	
2331	2332	
1862	2326	
2327	2333	
2328	2334	2335	
2333	2334	2336	
2335	2337	
2330	2338	
2332	2339	
2340	2341	
2336	2340	2342	
2343	
2337	2343	2344	
2345	2346	
2345	2347	
2338	2348	
2348	2349	
1864	2341	2350	
2342	2351	
2344	2352	
2353	2354	
2346	2353	2355	
2347	2349	2356	
2356	2357	2358	
1906	2359	
2350	2360	
2360	2361	2362	
2361	2363	
2351	2363	2364	
2352	2365	2366	
2364	2365	
2366	2367	
2367	2368	
2368	2369	
2354	2369	2370	
2355	2357	2371	
2210	2358	2372	
2372	2373	
2373	2374	
2359	2374	2375	
1874	2362	
2292	2370	
2293	2371	
2376	2377	
2196	2202	2378	
2189	2197	2379	
1842	2285	
1907	2380	
2381	2382	2383	
2381	2384	
2385	2386	2387	
2385	2388	2389	
2390	2391	
2388	2390	2392	
2382	2393	2394	
2395	2396	
2397	2398	2399	
2397	2400	
2389	2401	
2392	2402	2403	
2402	2404	
2395	2405	2406	
2398	2405	2407	
2407	2408	2409	
2400	2410	
2408	2410	
2401	2411	
2403	2412	
2406	2413	
2404	2413	2414	
2409	2415	
1905	2416	
2417	2418	
2411	2417	2419	
2412	2419	2420	
2420	2421	2422	
2423	2424	2425	
2414	2423	
2415	2426	
2416	2427	
2427	2428	2429	
2428	2430	
2418	2430	2431	
2421	2432	
2422	2424	
2425	2433	
2433	2434	2435	
2426	2434	2436	
2436	2437	
2429	2438	
2438	2439	
2431	2439	2440	
2440	2441	2442	
2432	2441	
2435	2443	2444	
2437	2445	
2442	2446	
2443	2447	
2444	2445	2448	
2448	2449	
2446	2450	2451	
2450	2452	
2452	2453	2454	
2453	2455	
2447	2455	2456	
2456	2457	
2449	2458	
2459	2460	
2451	2459	
2454	2461	
2457	2462	2463	
2458	2462	2464	
2464	2465	
2460	2466	2467	
2461	2468	2469	
2466	2468	
2469	2470	
2470	2471	
2463	2471	2472	
2472	2473	2474	
2465	2473	2475	
111	2476	
2467	2477	
2474	2478	
2475	2479	
2479	2480	
2480	2481	
2476	2481	
2477	2482	
2482	2483	
2478	2484	
2485	2486	
2483	2485	2487	
2484	2488	
1969	2489	2490	
2489	2491	
2491	2492	2493	
2486	2492	
2487	2494	
2494	2495	2496	
2495	2497	
2497	2498	
2488	2499	
2499	2500	2501	
2490	2502	
2493	2503	2504	
2496	2505	
2498	2500	2506	
2506	2507	
2501	2508	2509	
2508	2510	
2502	2503	
2504	2511	
2511	2512	2513	
2512	2514	2515	
2505	2514	
2507	2516	
2509	2516	2517	
2510	2518	2519	
2518	2520	
2519	2521	
2521	2522	2523	
2522	2524	
2524	2525	
2513	2526	
2515	2527	
2517	2520	2528	
2528	2529	
2523	2530	
2525	2531	
2532	2533	
2526	2532	2534	
2534	2535	2536	
2527	2535	2537	
2529	2538	
2539	2540	
2530	2539	2541	
2531	2541	2542	
297	2542	
2533	2543	
2038	2543	
2536	2544	
2537	2545	
2545	2546	2547	
2538	2548	
2549	2550	
2549	2551	
2540	2551	
2386	2552	
2544	2546	2553	
2547	2554	
2548	2555	2556	
2555	2557	
2550	2556	
2048	2558	
2558	2559	
2560	2561	
2553	2560	2562	
2562	2563	
2554	2563	2564	
2564	2565	2566	
2565	2567	
2557	2567	2568	
2559	2561	2569	
2569	2570	
2566	2571	
2568	2572	
2572	2573	
2570	2574	
2571	2575	2576	
2573	2577	
2574	2578	2579	
2578	2580	2581	
2580	2582	
2575	2582	
2576	2583	
2583	2584	2585	
2577	2584	
291	2586	2587	
2579	2588	
2588	2589	2590	
2581	2591	
2585	2592	
2050	2589	2593	
2103	2593	
2590	2594	
2591	2594	2595	
2596	2597	
2592	2596	2598	
2598	2599	
2600	2601	
2600	2602	
2602	2603	2604	
2603	2605	
2595	2606	
2606	2607	2608	
2607	2609	
2597	2609	2610	
2599	2611	2612	
2601	2611	2613	
2613	2614	2615	
2604	2614	2616	
2605	2617	
2617	2618	2619	
2608	2620	
2610	2621	
2621	2622	2623	
2612	2622	2624	
2624	2625	2626	
2615	2625	2627	
2616	2618	2628	
2619	2629	
2114	2630	
2630	2631	
2631	2632	
2632	2633	
2620	2634	
2635	2636	
2623	2635	2637	
2637	2638	
2626	2638	2639	
2628	2640	2641	
2627	2640	2642	
2641	2643	
2629	2643	2644	
2644	2645	
2633	2634	2646	
2646	2647	
2636	2648	
2642	2649	
2639	2649	2650	
216	2645	2651	
2647	2652	2653	
2648	2652	2654	
2654	2655	
2656	2657	
2650	2656	
249	2651	
2653	2658	
2657	2659	
2655	2659	2660	
2586	2661	
42	2662	
2663	2664	
2658	2665	
2663	2665	2666	
2667	2668	2669	
2660	2667	
2587	2662	2670	
2393	2670	
1950	2671	2672	
2671	2673	
2664	2673	2674	
2666	2675	2676	
2675	2677	2678	
2668	2677	
2669	2679	2680	
2679	2681	2682	
2681	2683	
2384	2683	
2394	2661	2684	
2391	2685	
2672	2686	
2674	2687	2688	
2687	2689	2690	
2676	2688	2691	
2678	2692	2693	
2680	2692	2694	
2682	2695	
2696	2697	
2383	2696	2698	
2396	2685	2699	
2291	2700	2701	
2702	2703	
2686	2689	2702	
2690	2704	
2691	2705	2706	
2704	2705	2707	
2693	2706	2708	
2708	2709	2710	
2709	2711	2712	
2694	2711	
2695	2697	2713	
2713	2714	2715	
2716	2717	
2698	2716	2718	
2684	2718	
2703	2719	
2707	2720	
2710	2720	2721	
2712	2722	2723	
2714	2724	
2715	2717	
2719	2725	
2721	2726	
2722	2726	2727	
2723	2724	2728	
2728	2729	2730	
2725	2731	
2732	2733	
2734	2735	
2727	2734	2736	
2729	2736	2737	
2730	2738	
2738	2739	
2190	2740	
2740	2741	2742	
2731	2732	2741	
2733	2743	
2735	2744	2745	
2737	2746	2747	
2744	2746	2748	
2739	2747	2749	
2742	2750	2751	
2750	2752	
2743	2752	2753	
2753	2754	
2745	2755	
2754	2755	2756	
2748	2757	
2749	2758	
2387	2759	
2379	2751	2760	
2756	2761	
2757	2762	2763	
2758	2762	2764	
2764	2765	
2378	2766	2767	
2552	2768	2769	
2760	2766	
2761	2770	
2770	2771	2772	
2763	2773	
2773	2774	2775	
2765	2776	2777	
374	2778	
2767	2779	
2771	2780	
2772	2774	2781	
2775	2776	
2777	2782	
2782	2783	
2784	2785	
2784	2786	
2778	2786	2787	
2787	2788	
2203	2207	2789	
2779	2790	
2780	2791	
2791	2792	2793	
2781	2792	2794	
2794	2795	
2796	2797	
2783	2785	2796	
420	2788	2798	
2789	2790	2799	
2799	2800	2801	
2800	2802	
2793	2803	
2795	2804	
2797	2805	2806	
2805	2807	
2807	2808	2809	
2798	2808	
2801	2810	
2802	2811	
2811	2812	
2812	2813	2814	
2813	2815	2816	
2803	2815	2817	
2804	2817	2818	
2806	2819	
2819	2820	
638	2809	2821	
2399	2822	
2814	2823	
2816	2824	2825	
2818	2826	2827	
2824	2826	2828	
2827	2829	
2829	2830	2831	
2820	2830	
2821	2832	
2823	2833	
2825	2833	2834	
2828	2835	2836	
2831	2835	2837	
2838	2839	
2832	2838	
2840	2841	
2834	2840	2842	
2836	2842	2843	
2843	2844	2845	
2837	2846	2847	
2844	2846	
2847	2848	
2849	2850	
2839	2851	2852	
2851	2853	
2841	2854	2855	
2845	2854	2856	
2857	2858	
2848	2849	2857	
2850	2852	2859	
2853	2860	
2855	2861	
2856	2862	
2858	2863	
2859	2864	
2864	2865	2866	
609	2860	2867	
2208	2215	2810	
2868	2869	
2861	2868	
2862	2870	
2870	2871	
2872	2873	
2863	2872	2874	
2865	2874	2875	
2866	2867	2876	
2876	2877	2878	
2822	2879	2880	
2881	2882	
2869	2881	
2871	2883	
2883	2884	
2873	2884	2885	
2875	2886	2887	
2877	2886	
523	2878	
2264	2888	
2888	2889	
2889	2890	2891	
2882	2890	2892	
2892	2893	
2885	2894	
2887	2894	
2271	2895	
2891	2896	2897	
2893	2898	
2895	2896	2899	
2897	2898	2900	
2700	2901	
2899	2901	2902	
2902	2903	2904	
2900	2903	2905	
2905	2906	
2906	2907	
2699	2879	2908	
2909	2910	
2904	2911	
2907	2912	
552	2909	2913	
2701	2914	
2911	2914	
2912	2915	
2915	2916	
2917	2918	
2917	2919	2920	
2919	2921	
2913	2921	2922	
2923	2924	
2916	2925	2926	
2925	2927	
2927	2928	
2929	2930	
2928	2929	2931	
2918	2930	2932	
2920	2933	2934	
2933	2935	
574	2922	2935	
2325	2936	
2923	2936	2937	
2924	2938	
2938	2939	2940	
2941	2942	
2926	2941	
2931	2943	2944	
2932	2945	2946	
2943	2945	2947	
2934	2946	2948	
2949	2950	
2937	2949	2951	
2939	2951	2952	
2940	2953	
2942	2954	2955	
2956	2957	
2956	2958	2959	
2944	2958	
2947	2960	
2948	2961	
2960	2961	2962	
2950	2963	2964	
2963	2965	2966	
2952	2965	2967	
2953	2968	2969	
2967	2968	2970	
2954	2969	2971	
2955	2957	2972	
2972	2973	2974	
2959	2975	2976	
2975	2977	
2962	2978	
2979	2980	
2339	2964	2981	
2376	2981	2982	
2966	2983	2984	
2970	2985	2986	
2971	2987	2988	
2985	2987	
2973	2988	2989	
2974	2976	2990	
2977	2991	
2978	2979	
600	2980	
2982	2983	2992	
2984	2986	2993	
2993	2994	
2995	2996	
2989	2997	
2995	2997	
2990	2998	
2998	2999	3000	
2991	2999	3001	
3002	3003	3004	
2375	2377	3002	
2992	3003	
2768	2994	3005	
2759	2996	3005	
2908	3000	
2880	3001	
2380	3004	3006	
2769	3006	
541	2910	
