1	2	3	
1	4	
4	5	
6	7	
8	9	10	
8	11	
12	13	14	
11	12	
13	15	
15	16	
16	17	18	
17	19	
19	20	
20	21	
2	22	
23	24	
6	23	
9	25	
18	26	
24	27	
25	28	
28	29	30	
26	31	
27	32	
33	34	
29	33	
30	35	
35	36	
36	37	
37	38	
38	39	
39	40	
31	40	41	
41	42	
43	44	
32	45	
34	46	
42	47	
43	47	48	
49	50	
51	52	
45	51	
46	53	
53	54	
54	55	
55	56	
57	58	
59	60	
56	61	
61	62	
63	64	
63	65	
65	66	
66	67	
62	64	68	
67	69	
70	71	
70	72	
72	73	
74	75	
68	74	76	
76	77	
78	79	
69	78	
80	81	
71	80	
73	82	
82	83	84	
85	86	
75	85	
77	87	
79	88	
89	90	
81	89	91	
91	92	
93	94	
83	93	
84	86	95	
95	96	
87	97	
88	98	
98	99	100	
92	101	102	
94	101	
96	103	104	
105	106	107	
105	108	
97	106	
99	109	
110	111	112	
110	113	
102	113	114	
103	115	
104	116	
108	116	117	
107	118	
118	119	
109	120	
120	121	122	
114	123	
123	124	125	
124	126	
126	127	128	
115	127	
117	129	
119	121	
122	130	
130	131	132	
125	133	
128	134	
135	136	
135	137	
129	136	138	
138	139	
140	141	
133	140	
142	143	
134	137	142	
139	144	
144	145	
145	146	
146	147	
147	148	
148	149	
141	150	
143	151	
149	152	153	
154	155	
150	154	156	
156	157	
151	158	
159	160	
152	161	
159	161	
52	162	
157	163	
158	164	
164	165	
166	167	
168	169	
166	168	
160	169	
163	170	
170	171	
165	172	
172	173	174	
167	173	
175	176	
175	177	
171	178	
178	179	
174	180	
181	182	
176	181	
183	184	
183	185	
185	186	
179	187	
180	188	
189	190	
182	189	
186	191	192	
191	193	
187	193	194	
188	195	
190	196	
197	198	
199	200	
199	201	
192	201	
194	202	
195	203	
203	204	
196	205	206	
205	207	
208	209	
197	208	210	
202	211	
211	212	
204	213	214	
206	213	
207	209	215	
215	216	
210	217	
218	219	
218	220	
221	222	
212	223	
214	224	
224	225	
216	226	227	
226	228	
228	229	230	
220	221	231	
222	232	
223	232	233	
234	235	
225	234	
236	237	
236	238	
238	239	
227	239	240	
231	241	
241	242	243	
233	244	
244	245	246	
235	245	
247	248	
237	247	249	
240	250	
250	251	
242	252	
243	253	
254	255	
254	256	
246	255	
248	257	
249	258	
251	259	
57	260	
253	256	261	
262	263	
257	262	
258	264	
264	265	
265	266	
259	267	268	
267	269	
270	271	
261	272	
272	273	274	
275	276	
263	275	
266	268	277	
277	278	
269	279	
59	280	281	
273	280	
274	282	
276	283	
278	284	
282	285	
285	286	287	
283	286	288	
58	289	
284	289	290	
290	291	
287	292	
293	294	
288	293	
3	295	
48	296	
297	298	
49	260	299	
292	300	
301	302	
270	294	301	
303	304	305	
306	307	
308	309	
310	311	
312	313	
312	314	
314	315	316	
315	317	
300	317	
302	318	
299	319	
319	320	
320	321	
321	322	
316	323	
318	324	
322	325	
325	326	327	
323	328	
324	329	
329	330	
331	332	
331	333	
333	334	
335	336	
335	337	
326	337	
338	339	
328	340	
340	341	342	
341	343	
343	344	
330	332	345	
345	346	
334	336	347	
338	348	
348	349	350	
351	352	
342	351	353	
344	354	
346	354	355	
347	356	
356	357	358	
359	360	
349	352	
353	361	
361	362	
355	363	
363	364	
364	365	
357	365	
358	366	
367	368	
367	369	
362	370	
366	371	372	
371	373	
372	374	
368	375	
376	377	
376	378	
370	379	
379	380	
373	381	
374	375	382	
382	383	
378	384	
384	385	
386	387	
380	388	389	
388	390	
390	391	
381	391	392	
392	393	
308	383	394	
395	396	
385	386	
387	397	
397	398	
389	398	399	
393	400	
394	401	
402	403	
399	404	
404	405	
405	406	
400	406	407	
408	409	
401	408	410	
359	410	411	
402	412	
412	413	
407	414	
414	415	416	
409	415	
411	417	
413	418	
418	419	
419	420	
420	421	
421	422	
422	423	
416	424	
425	426	
417	425	
423	427	
427	428	
428	429	
424	426	430	
430	431	
432	433	
432	434	
429	435	436	
431	435	
437	438	
437	439	
439	440	441	
433	440	
434	442	443	
442	444	
436	444	
445	446	
445	447	
438	448	
441	449	450	
449	451	
443	452	
451	452	453	
446	454	
455	456	
448	455	
450	457	
453	458	
454	459	
456	460	
457	461	
461	462	
458	463	
463	464	465	
464	466	
466	467	
467	468	
459	469	
460	470	
462	471	
465	472	473	
468	474	
469	475	
475	476	
470	477	
477	478	
478	479	480	
471	479	
481	482	
481	483	
483	484	
472	484	
473	485	
485	486	
474	487	
487	488	
476	489	
480	490	491	
490	492	
482	492	
486	493	
488	494	495	
489	494	
491	496	
493	497	
495	498	
499	500	501	
502	503	
496	502	
504	505	
497	504	506	
506	507	508	
498	509	510	
507	509	
510	511	
395	511	512	
513	514	
503	513	515	
516	517	
518	519	
505	518	
508	520	
310	512	
515	521	522	
521	523	
522	524	
524	525	
516	526	
525	526	
517	519	527	
527	528	
520	529	
306	523	530	
21	531	
528	532	
529	533	
533	534	
530	535	
535	536	
532	537	
534	538	
536	539	
540	541	
537	540	
538	542	
539	543	
541	544	
542	545	
546	547	
546	548	
303	548	
543	549	
549	550	
551	552	
544	551	553	
553	554	
554	555	
545	556	
555	556	557	
558	559	
547	558	
560	561	
14	562	
550	560	563	
499	552	
557	562	564	
559	564	
5	563	
10	500	
565	566	
565	567	
304	567	
7	501	
50	271	
568	569	
570	571	
572	573	
572	574	575	
576	577	
568	576	
570	578	
578	579	
574	580	
575	581	
581	582	
583	584	585	
582	583	586	
587	588	
587	589	
577	589	590	
579	591	
592	593	
592	594	
580	595	
586	596	
44	588	
590	597	598	
597	599	
591	599	
593	600	
594	595	601	
601	602	
596	603	
598	604	
604	605	
600	606	
602	607	608	
607	609	
603	609	
610	611	
605	612	
612	613	614	
615	616	
606	615	617	
617	618	
608	619	
610	620	
613	621	622	
614	623	
616	624	
624	625	
618	626	627	
626	628	
619	628	629	
629	630	
620	631	
621	632	
632	633	
623	634	
625	635	636	
637	638	
627	637	
630	639	
631	640	
640	641	642	
633	643	644	
643	645	
634	646	
645	646	647	
635	648	
648	649	
636	638	650	
650	651	
639	652	
641	653	
644	654	
647	655	
649	656	
651	657	
652	658	
658	659	
653	660	
661	662	
100	654	661	
655	663	664	
663	665	
656	664	666	
657	667	
659	668	
669	670	
660	669	
662	671	672	
665	671	673	
666	674	
667	675	
675	676	
668	677	
670	678	
672	679	
131	679	
673	680	
681	682	
674	681	
676	683	
684	685	
677	684	686	
678	686	687	
680	688	
682	689	
683	690	
690	691	
685	692	
687	693	
693	694	
695	696	
132	697	
688	698	
698	699	
689	700	
700	701	702	
691	701	703	
692	704	
694	705	
706	707	
697	699	
702	708	
703	709	
709	710	
704	711	
705	712	
706	713	
153	714	
714	715	
708	716	
710	717	
711	718	
718	719	720	
712	721	
713	722	
715	723	
723	724	
724	725	
716	725	726	
717	727	
728	729	
719	728	
720	730	
730	731	732	
721	731	
722	733	
734	735	
726	736	
736	737	738	
727	737	739	
739	740	
729	740	741	
732	742	
177	743	
734	743	
735	744	
744	745	
738	746	
741	747	
747	748	749	
748	750	
750	751	752	
742	751	
745	753	
746	754	
754	755	756	
749	757	
752	758	
584	759	
760	761	
753	762	
755	763	
756	764	
764	765	
757	765	766	
758	767	
767	768	
768	769	770	
769	771	
760	772	
762	772	773	
763	774	
766	775	
695	770	776	
773	777	
777	778	
774	779	
779	780	781	
780	782	
782	783	
783	784	785	
775	784	786	
786	787	
787	788	
776	789	
217	229	790	
790	791	
778	792	793	
781	794	
785	795	
788	796	797	
796	798	
789	797	799	
799	800	
800	801	
791	792	802	
802	803	
793	804	
804	805	806	
794	807	808	
807	809	810	
809	811	
795	811	812	
798	813	
230	814	
803	814	815	
805	816	
806	817	
808	817	
810	818	
812	819	
819	820	
813	821	
821	822	823	
824	825	826	
815	827	
816	828	
818	829	
820	830	
822	831	
823	824	
827	832	
832	833	
828	834	
834	835	
829	836	837	
836	838	
830	838	839	
839	840	
831	841	
833	842	843	
835	844	845	
844	846	
837	846	847	
847	848	
840	849	850	
849	851	
841	851	852	
279	842	
843	853	
853	854	
854	855	856	
845	855	
848	857	
850	858	
858	859	
852	860	
860	861	
856	862	
857	863	
859	864	
861	865	
866	867	
862	866	868	
868	869	
870	871	
863	870	
864	872	
865	873	
874	875	
291	874	
875	876	
867	876	877	
869	878	
871	879	
872	880	
878	881	
873	882	
296	622	
771	883	
198	761	
877	884	
879	881	885	
311	566	
886	887	
884	888	
888	889	890	
885	891	
892	893	
886	892	
889	894	
894	895	
890	896	
897	898	
891	897	899	
899	900	
900	901	
893	901	
902	903	
327	895	904	
896	905	
905	906	
906	907	
898	907	
908	909	
902	908	
904	910	
910	911	
912	913	
912	914	
915	916	
915	917	
917	918	
909	918	919	
369	911	920	
913	921	
921	922	
914	916	923	
923	924	
919	925	
920	926	
926	927	
922	928	
924	929	
925	930	
927	931	
928	932	
929	933	
930	934	
934	935	
931	936	
932	937	
937	938	
938	939	
933	939	940	
940	941	
935	942	943	
309	936	
941	944	
945	946	
945	947	
942	947	
360	948	
948	949	
950	951	
950	952	
952	953	
953	954	
944	955	
946	955	956	
957	958	
949	959	960	
959	961	
951	961	
954	962	963	
962	964	
964	965	
966	967	
956	966	968	
968	969	
960	970	
971	972	
963	971	
965	967	
969	973	
970	974	
974	975	
976	977	
972	976	
973	978	
978	979	980	
975	981	
977	982	
982	983	
984	985	
979	984	986	
981	987	
983	987	988	
989	990	
989	991	
985	991	
447	992	
988	993	
993	994	
994	995	
990	996	
996	997	998	
957	999	
992	1000	
1000	1001	
995	1002	1003	
1002	1004	
1004	1005	1006	
997	1005	
998	1007	
1008	1009	
1001	1010	
1010	1011	
1012	1013	
1003	1012	1014	
1014	1015	
1015	1016	
1006	1016	1017	
1017	1018	
1007	1019	1020	
1019	1021	
1021	1022	
1008	1022	1023	
1023	1024	
1011	1025	
1026	1027	
1013	1026	
1018	1020	1028	
1028	1029	
1024	1030	1031	
1025	1032	1033	
1032	1034	
1027	1035	1036	
1035	1037	
1029	1038	
1039	1040	
1030	1039	
1033	1041	
1041	1042	
1034	1036	1043	
1037	1044	
1044	1045	
1038	1046	
1040	1047	
1042	1048	
1043	1049	
1049	1050	
1045	1051	
1046	1052	
1047	1053	
1052	1053	1054	
396	1048	
1050	1055	
1051	1056	
1056	1057	
1054	1058	
1055	1059	
1057	1060	
1058	1061	
1061	1062	1063	
1062	1064	
1059	1065	
1065	1066	
1060	1067	1068	
1067	1069	
1063	1070	
1064	1071	
1071	1072	
571	999	1073	
1074	1075	
1076	1077	
1076	1078	
1066	1068	1079	
1079	1080	
1069	1081	
1070	1082	
573	1083	
1077	1084	
1078	1085	
1085	1086	1087	
1080	1086	1088	
1081	1089	
1089	1090	1091	
1090	1092	
1082	1092	1093	
1093	1094	
1094	1095	
1095	1096	
1096	1097	1098	
1073	1074	1099	
1084	1100	
1100	1101	
1087	1102	
1088	1103	
1103	1104	
1104	1105	
1091	1105	1106	
958	1083	1107	
1101	1108	
1102	1109	
1106	1110	
1110	1111	
1111	1112	
1113	1114	
305	1115	
1075	1116	1117	
1108	1118	
1109	1119	
1120	1121	
1120	1122	
1112	1123	1124	
1113	1123	
1115	1125	
1118	1126	
1127	1128	
1119	1127	1129	
1121	1129	1130	
1122	1131	
1131	1132	
1124	1133	
1133	1134	
1125	1135	1136	
531	1135	
1136	1137	1138	
1126	1137	
1116	1128	
1099	1130	
1107	1132	1139	
1134	1139	
1138	1140	
1140	1141	
569	1117	1141	
880	882	887	
1142	1143	
1144	1145	
1146	1147	
1146	1148	1149	
1150	1151	
1150	1152	
1151	1153	
1153	1154	1155	
1156	1157	
1158	1159	
1160	1161	
1142	1162	
1147	1163	
1148	1164	
1152	1164	
1154	1165	
1158	1166	
1160	1166	1167	
585	1168	
1168	1169	
1169	1170	
1163	1170	1171	
1165	1172	
1167	1173	
1173	1174	
1171	1175	
1175	1176	
1176	1177	
1177	1178	
1172	1179	
1179	1180	
1174	1181	1182	
1155	1183	
611	1184	
1184	1185	
1185	1186	
1178	1187	
1188	1189	
1180	1188	1190	
1181	1191	
1182	1192	1193	
1192	1194	
1186	1195	
1187	1196	1197	
1189	1196	
1190	1198	
1191	1199	
1199	1200	
1194	1200	1201	
1195	1202	1203	
1202	1204	
1203	1205	
1205	1206	
1206	1207	
1197	1207	1208	
1208	1209	
1198	1210	
1201	1211	
642	1212	
1212	1213	
1204	1213	1214	
1209	1215	
1210	1216	
1216	1217	
759	1218	
1219	1220	
1214	1221	
1221	1222	1223	
1222	1224	
1224	1225	
1225	1226	
1215	1227	
1227	1228	1229	
1228	1230	
1217	1231	1232	
1231	1233	
1233	1234	1235	
1219	1234	
1223	1236	
1226	1237	
1237	1238	1239	
1229	1238	
1230	1232	1240	
1240	1241	
1235	1242	
1243	1244	
1236	1243	1245	
1245	1246	
1239	1247	
1241	1248	
1242	1249	
1244	1250	
1246	1251	
1247	1252	
1248	1253	
1249	1254	
1255	1256	
1250	1257	
1257	1258	1259	
1251	1260	1261	
1260	1262	
1252	1262	1263	
1253	1264	
1264	1265	
1258	1266	
1259	1267	
1267	1268	
1261	1269	
1268	1269	1270	
1263	1271	
1271	1272	
1265	1273	
1273	1274	
1275	1276	
1270	1277	1278	
1277	1279	
1272	1280	
1274	1281	
1275	1281	
1278	1282	
1282	1283	1284	
1279	1285	1286	
1285	1287	
1287	1288	
1280	1289	
1288	1289	1290	
1291	1292	
1283	1291	
1284	1293	
1286	1293	1294	
1294	1295	
1290	1296	1297	
1296	1298	
1299	1300	
733	1301	
1292	1301	
1295	1302	
1297	1303	
1298	1304	
1304	1305	
1305	1306	
1307	1308	1309	
1299	1307	
1310	1311	
1310	1312	
1302	1313	
1303	1314	
1314	1315	1316	
1306	1308	
1309	1317	
883	1318	
1311	1318	
1312	1319	
1319	1320	
1313	1321	1322	
1315	1321	
1316	1323	
1323	1324	
1324	1325	
1325	1326	
1327	1328	
1162	1329	1330	
1320	1331	
1322	1331	1332	
1332	1333	
1326	1334	
1334	1335	
1144	1329	1336	
1337	1338	
1337	1339	
1339	1340	
1340	1341	
1333	1342	1343	
1342	1344	
1335	1345	1346	
1345	1347	
696	1348	1349	
1338	1348	
1341	1343	1350	
1344	1351	
1352	1353	
1352	1354	
1354	1355	
1355	1356	1357	
1346	1356	
1145	1358	
1349	1359	
1360	1361	
1350	1360	
1353	1362	
1351	1362	1363	
1357	1364	
1365	1366	
1359	1365	1367	
1367	1368	
1368	1369	
1361	1370	
1363	1371	
1371	1372	
1373	1374	
1364	1373	1375	
1375	1376	
801	1366	1377	
1369	1370	1378	
1378	1379	1380	
1372	1381	
1374	1382	
1376	1383	
1383	1384	1385	
825	1377	
1379	1386	
1380	1387	
1387	1388	
1381	1389	
1382	1390	
1390	1391	
1384	1392	
826	1393	
1386	1394	
1394	1395	
1388	1396	
1389	1396	1397	
1397	1398	
1391	1399	
1399	1400	1401	
1400	1402	
1392	1402	1403	
1393	1404	
1404	1405	
1395	1406	
1398	1407	
1401	1408	
1403	1409	
1409	1410	
1405	1411	
1412	1413	
1406	1412	1414	
1413	1415	
1407	1415	1416	
1417	1418	
1417	1419	
1408	1418	1420	
1410	1421	
1411	1422	
1414	1423	
1416	1424	1425	
1424	1426	
1425	1427	
1419	1427	
1420	1421	1428	
1428	1429	
1430	1431	
1422	1430	
1423	1432	
1432	1433	
1426	1434	
1358	1429	
1255	1431	
1156	1433	
1434	1435	
1435	1436	1437	
1143	1436	
707	1266	
1211	1220	
1254	1438	
1439	1440	
1256	1439	
1441	1442	
1443	1444	
1330	1445	
1336	1446	
1446	1447	1448	
1447	1449	
1449	1450	1451	
1440	1452	
1441	1453	
1443	1454	
1454	1455	
1445	1456	
1448	1457	
1159	1183	
903	1452	1458	
1453	1459	
1459	1460	
1455	1461	
1456	1462	
1457	1463	
1463	1464	1465	
1458	1466	
1460	1466	1467	
1461	1468	
1468	1469	
1462	1470	
1470	1471	
1467	1472	
1472	1473	
1469	1474	
1471	1475	
1473	1476	
1474	1477	1478	
1477	1479	
1480	1481	
1475	1480	1482	
1482	1483	
1484	1485	
1486	1487	
1476	1488	1489	
1488	1490	
1489	1491	
1478	1492	
1491	1492	1493	
1479	1481	1494	
1483	1484	1495	
1485	1496	
1486	1496	1497	
1490	1498	
1493	1499	1500	
1501	1502	
1499	1501	1503	
1494	1502	1504	
1504	1505	
1495	1506	
1506	1507	1508	
1497	1509	
943	1510	
1498	1510	
1500	1511	
1503	1512	
1505	1513	1514	
1507	1513	
1508	1515	
1516	1517	
1509	1516	1518	
1511	1519	
1519	1520	
1512	1521	1522	
1521	1523	
1514	1523	1524	
1524	1525	
1526	1527	
1515	1526	1528	
1517	1528	
1520	1529	1530	
1522	1531	
1529	1531	1532	
1525	1533	
1527	1533	1534	
1530	1535	
1535	1536	
1532	1537	
1534	1538	
1538	1539	
1540	1541	
1536	1542	1543	
1537	1544	
1539	1545	
1545	1546	
1546	1547	
980	1540	
1541	1542	
1543	1548	
1549	1550	
1544	1549	1551	
1551	1552	
1552	1553	
1553	1554	
1554	1555	
1547	1556	
986	1557	
1548	1558	1559	
1558	1560	
1550	1559	
1555	1561	
1556	1562	
1557	1563	
1560	1564	
1565	1566	
1561	1565	1567	
1567	1568	
1562	1569	1570	
1563	1571	
1564	1572	1573	
1572	1574	
1575	1576	
1566	1575	
1569	1577	
1568	1577	
1573	1578	
1578	1579	
1574	1580	
1580	1581	
1576	1581	1582	
1579	1583	1584	
1583	1585	
1586	1587	
1582	1586	1588	
1588	1589	
1589	1590	
1031	1591	
1584	1592	
1585	1593	
1587	1594	
1590	1595	1596	
1595	1597	
1598	1599	
1598	1600	
1591	1601	
1592	1601	1602	
1602	1603	
1593	1604	
1594	1605	1606	
1596	1605	
1597	1599	1607	
1607	1608	
1600	1609	
1603	1610	
1604	1611	
1611	1612	
1612	1613	
1606	1613	1614	
1614	1615	
1608	1616	
1616	1617	
1618	1619	
1618	1620	1621	
1610	1620	1622	
1622	1623	
1623	1624	
1615	1625	
1617	1626	
1627	1628	
1619	1627	
1621	1629	
1624	1630	
1625	1631	
1631	1632	1633	
1632	1634	
1626	1635	
1628	1636	
1629	1637	
1630	1638	
1638	1639	
1633	1640	
1634	1641	
1641	1642	1643	
1644	1645	
1636	1646	1647	
1646	1648	
1637	1648	1649	
1639	1650	
1640	1651	
1642	1651	
1643	1644	1652	
1487	1653	
1647	1654	
1649	1655	
1655	1656	
1650	1657	
1657	1658	
1652	1659	
1659	1660	
1097	1661	
1656	1662	
1658	1663	1664	
1663	1665	
1666	1667	
1660	1668	
1661	1669	
1662	1670	
1664	1671	
1665	1666	1672	
1667	1668	1673	
1673	1674	
1114	1675	
1669	1675	1676	
1676	1677	
1670	1678	
1677	1678	1679	
1671	1680	
1680	1681	
1672	1682	
1681	1682	
1674	1683	
1683	1684	
1684	1685	
1679	1686	1687	
1686	1688	
1687	1689	
1688	1690	
1691	1692	
1691	1693	
1689	1693	
1690	1694	
1218	1692	
1149	1695	
1694	1695	
1570	1696	
1009	1571	
1437	1444	
1157	1442	
1072	1098	1654	
1697	1698	
1699	1700	
1701	1702	1703	
1701	1704	
1705	1706	
1707	1708	1709	
1710	1711	
1710	1712	1713	
1712	1714	
1697	1714	1715	
1704	1716	
1716	1717	
1717	1718	1719	
1718	1720	
1705	1720	
1721	1722	
1707	1721	
1708	1723	1724	
1725	1726	
1713	1725	1727	
1727	1728	
1728	1729	
1715	1729	1730	
1730	1731	
1731	1732	
1719	1733	
1722	1734	1735	
1723	1736	
1736	1737	1738	
1732	1739	
1733	1740	
1734	1741	
1735	1737	
1739	1742	
1740	1743	1744	
1743	1745	
1745	1746	
1741	1747	
1747	1748	
1742	1749	
1750	1751	
1744	1750	
1746	1752	
1748	1753	1754	
1755	1756	
1749	1755	1757	
1751	1757	1758	
1752	1753	1759	
1759	1760	
1754	1761	
1761	1762	
1763	1764	
1763	1765	
1765	1766	
1756	1766	1767	
1767	1768	
1758	1769	
1769	1770	
1760	1771	
1762	1772	
1764	1773	
1768	1774	
1770	1775	
1775	1776	
1771	1776	1777	
1772	1778	
1778	1779	
1773	1780	
1774	1781	
1777	1782	
1782	1783	
1779	1784	1785	
1783	1784	
1786	1787	
1780	1786	
1788	1789	
1788	1790	
1781	1790	1791	
1785	1792	
1438	1787	1793	
1789	1794	
1791	1795	
1795	1796	
1797	1798	
1797	1799	
1798	1800	
1800	1801	1802	
1792	1801	1803	
1327	1347	1804	
1793	1805	
1794	1806	
1796	1807	
1799	1808	
1802	1809	
1805	1810	1811	
1276	1810	
1811	1812	
1812	1813	1814	
1806	1813	
1807	1815	
1815	1816	
1817	1818	
1808	1817	1819	
1819	1820	1821	
1822	1823	
1820	1822	
1809	1823	1824	
1824	1825	1826	
1814	1827	
1816	1818	1828	
1821	1829	
1825	1830	
1827	1831	
1828	1832	
1832	1833	1834	
1829	1835	1836	
1830	1837	
1300	1838	
1839	1840	
1831	1839	
1841	1842	
1841	1843	
1833	1843	1844	
1834	1835	
1836	1845	
1845	1846	
1846	1847	1848	
1837	1847	
1838	1840	1849	
1849	1850	
1842	1851	
1844	1852	
1848	1853	
1850	1854	1855	
1317	1328	1854	
1851	1856	
1856	1857	
1852	1858	
1853	1859	
1859	1860	
1855	1861	
1857	1862	
1858	1863	
1863	1864	
1860	1865	
1865	1866	
1804	1867	1868	
1861	1867	
1862	1869	
1864	1870	
1866	1871	
1872	1873	
1872	1874	
1868	1875	
1869	1876	
1870	1871	1877	
1877	1878	
1874	1879	
1875	1880	
1881	1882	
1876	1883	
1881	1883	
1878	1884	
1885	1886	
1879	1885	
1887	1888	
1880	1887	1889	
1882	1889	1890	
1891	1892	
1884	1891	
1886	1893	
1888	1894	
1890	1895	
1895	1896	
1897	1898	
1892	1897	
1899	1900	
1893	1899	1901	
1698	1702	1902	
1385	1894	1903	
1903	1904	
1896	1905	
1906	1907	
1898	1906	
1908	1909	
1900	1908	
1901	1910	
1910	1911	
1911	1912	1913	
1699	1914	1915	
1904	1916	
1905	1917	1918	
1907	1917	1919	
1919	1920	
1921	1922	
1909	1921	
1923	1924	
1916	1925	
1925	1926	1927	
1918	1926	
1920	1928	
1922	1929	
1930	1931	
1923	1930	
1924	1932	
1932	1933	1934	
1927	1935	
1928	1936	1937	
1936	1938	
1929	1937	1939	
1939	1940	
1940	1941	1942	
1941	1943	
1931	1943	1944	
1933	1945	
1935	1946	
1946	1947	
1938	1948	1949	
1942	1950	
1944	1951	
1951	1952	
1952	1953	
1945	1954	1955	
1947	1948	1956	
1956	1957	
1949	1958	
1958	1959	
1950	1960	
1953	1954	
1957	1961	
1959	1962	1963	
1962	1964	
1960	1964	1965	
1965	1966	
1967	1968	
1969	1970	
1961	1969	
1963	1971	
1914	1966	1972	
1972	1973	
1973	1974	
1967	1974	
1975	1976	
1975	1977	
1970	1977	
1971	1978	1979	
1161	1711	
1700	1978	
1915	1980	
1193	1726	
1803	1981	
1450	1976	
1982	1983	
1982	1984	
1985	1986	
1980	1987	1988	
1987	1989	
1989	1990	
1983	1991	
1988	1992	
1990	1993	1994	
1993	1995	
1464	1996	
1991	1997	
1997	1998	
1998	1999	
1999	2000	
2000	2001	
2001	2002	
1992	2003	
1995	2004	
1996	2005	
2002	2006	2007	
2003	2006	2008	
2008	2009	
2009	2010	
2004	2011	2012	
1653	2005	
2013	2014	
2007	2013	
2010	2011	2015	
2015	2016	
2017	2018	
2014	2019	
2016	2020	
2021	2022	
2023	2024	
2021	2023	
2024	2025	
2025	2026	
2019	2027	
2020	2028	2029	
2022	2030	
2026	2031	
2027	2032	
2032	2033	2034	
2035	2036	
2028	2035	
2029	2037	
2037	2038	2039	
2040	2041	
1518	2040	
2041	2042	2043	
2030	2042	
2031	2044	
2033	2044	
2034	2045	
2045	2046	2047	
2036	2046	
2038	2048	
2043	2049	2050	
2047	2051	2052	
2051	2053	
2048	2054	
2049	2055	
2055	2056	
2050	2057	
2057	2058	
2058	2059	
2059	2060	
2061	2062	
2052	2061	
2053	2063	
2063	2064	
2056	2065	
2060	2066	
2066	2067	2068	
2067	2069	
2069	2070	
2062	2070	2071	
2064	2072	
2072	2073	2074	
2065	2075	
2075	2076	
2068	2077	
2071	2078	
2073	2079	
2076	2080	
2077	2081	
2078	2082	
2082	2083	
2079	2084	
2080	2085	2086	
2085	2087	
2088	2089	
2081	2088	
2083	2090	
2091	2092	
2091	2093	
2084	2093	2094	
1706	2095	
1696	2086	
2087	2096	
2089	2097	
2090	2098	
2092	2099	
2094	2100	2101	
2100	2102	
2103	2104	
2096	2103	2105	
2105	2106	
2097	2107	
2098	2108	
2099	2109	
2109	2110	2111	
2102	2112	
2104	2113	
2113	2114	
2106	2115	
2107	2116	
2116	2117	2118	
2108	2117	
2110	2119	
2111	2112	2120	
2120	2121	
2114	2122	
2122	2123	
2115	2124	
2118	2125	
2125	2126	
2119	2127	
2121	2128	2129	
2128	2130	
2123	2124	2131	
2131	2132	
2126	2133	
2127	2134	2135	
2134	2136	
2130	2135	
2129	2137	2138	
1979	1984	
2139	2140	
2132	2139	2141	
2133	2136	2142	
2142	2143	
2144	2145	
1609	2146	
2146	2147	
2140	2147	2148	
2141	2149	2150	
2149	2151	
2151	2152	
2152	2153	
2153	2154	
2143	2155	
2144	2156	
2156	2157	
2148	2158	
2158	2159	2160	
2150	2159	
2154	2161	
2155	2162	
2162	2163	
2157	2164	2165	
2160	2166	
2167	2168	
2167	2169	
2161	2170	
2163	2164	
2165	2171	
2017	2171	2172	
2173	2174	
2175	2176	
2166	2175	2177	
2168	2177	2178	
2169	2179	
2179	2180	2181	
2170	2180	2182	
2182	2183	
2176	2184	
2178	2185	
2181	2186	
2183	2187	
2188	2189	
2188	2190	
2184	2191	
2185	2191	2192	
2192	2193	
2186	2194	
2187	2189	2195	
2195	2196	
2190	2197	
2197	2198	
2193	2199	
2194	2200	
2200	2201	
2196	2202	
2198	2203	
1709	2173	
2199	2201	2204	
2204	2205	
2202	2206	
1685	2207	
2207	2208	
2208	2209	
2210	2211	
2210	2212	
2205	2212	2213	
2206	2214	
2215	2216	
2215	2217	
2209	2211	2218	
2213	2219	
2219	2220	
2214	2221	
2221	2222	
2223	2224	
2216	2223	
2218	2225	
2225	2226	
2220	2227	2228	
2222	2227	
2224	2229	
2095	2230	
2226	2231	
2232	2233	
2228	2232	
2229	2230	
1985	2174	
1902	2231	
1703	2233	
1451	1465	
2234	2235	
1635	1645	
1724	2236	
2237	2238	
2237	2239	
2240	2241	
2240	2242	2243	
2244	2245	
2239	2246	
2241	2247	
2248	2249	
2248	2250	
2250	2251	
2251	2252	
2246	2253	
2247	2253	2254	
2249	2255	
2255	2256	2257	
2252	2258	2259	
2258	2260	
2261	2262	
2260	2261	2263	
22	2262	
1738	2264	
2264	2265	
2265	2266	
2267	2268	
2254	2267	2269	
2256	2269	
2257	2270	
2259	2271	
2271	2272	
2263	2273	
2266	2274	
2268	2275	
2276	2277	
2270	2276	2278	
2278	2279	
2279	2280	
2272	2280	2281	
2273	2282	
2282	2283	
2274	2284	
2275	2285	
2277	2286	
2281	2287	
2283	2288	
2284	2289	
2285	2290	
2286	2291	
2287	2292	
162	2288	2293	
2289	2294	
2294	2295	
2290	2296	
2296	2297	
2297	2298	
2291	2299	
2299	2300	
2292	2301	
2301	2302	2303	
2304	2305	
2293	2304	
2295	2306	
2306	2307	
2298	2308	
2300	2309	2310	
2309	2311	2312	
2302	2311	
2303	2305	2313	
2307	2314	
2314	2315	
2308	2316	2317	
2316	2318	
2310	2317	
2312	2319	
2313	2320	
2320	2321	2322	
2315	2323	
2318	2324	2325	
2326	2327	
2319	2328	2329	
2328	2330	2331	
2321	2330	
2322	2332	
90	2332	2333	
2323	2334	2335	
2334	2336	2337	
2324	2336	
2325	2326	2338	
2327	2329	
2331	2339	
2333	2340	
1981	2341	
2342	2343	
2335	2342	
2337	2344	
2344	2345	
2338	2346	
2345	2346	2347	
2339	2348	
2348	2349	
111	2340	
2350	2351	
2341	2352	2353	
2352	2354	
2354	2355	2356	
2343	2355	2357	
2358	2359	
2347	2360	
2349	2361	
112	2362	
2356	2363	
2357	2358	
2359	2364	
2360	2365	
2365	2366	
2366	2367	
2361	2362	
2363	2368	
2368	2369	
2364	2370	
2370	2371	
2367	2372	
2372	2373	
2369	2374	2375	
2371	2376	
2373	2377	
2377	2378	
2379	2380	
2374	2379	
2375	2381	
2381	2382	
2376	2383	
2378	2384	2385	
2384	2386	
155	297	2386	
2387	2388	
2380	2387	
2382	2389	
2383	2390	
2390	2391	2392	
2385	2393	
1912	2394	
2389	2395	
2391	2396	
2392	2397	
2397	2398	
2399	2400	
2393	2401	
2399	2401	2402	
298	2403	
2395	2404	2405	
2404	2406	
2396	2405	2407	
2407	2408	
2398	2400	2409	
2409	2410	
2402	2411	
2403	2412	
2413	2414	
2406	2415	
2408	2416	
2410	2417	
2411	2418	
184	2412	
2419	2420	
2413	2419	
2414	2415	2421	
2416	2422	2423	
2422	2424	
2417	2423	2425	
2418	2426	
2426	2427	
2420	2428	
2428	2429	2430	
2421	2431	
2431	2432	
2432	2433	
2424	2433	2434	
2425	2435	
2435	2436	
2437	2438	
2437	2439	
2427	2439	2440	
200	2441	
2429	2442	
2442	2443	
2434	2444	
2444	2445	
2436	2445	2446	
2438	2447	
2440	2441	
2443	2448	
2446	2449	
2447	2450	
2394	2451	2452	
2448	2451	2453	
2449	2454	
2454	2455	
2456	2457	
2450	2456	2458	
2458	2459	
2459	2460	2461	
219	2460	
1934	2452	
2453	2462	
2462	2463	
2464	2465	
2464	2466	
2466	2467	
2455	2457	
2461	2468	
2463	2465	
2467	2469	
2469	2470	
2471	2472	
2468	2471	2473	
252	2244	2473	
1955	2474	
2470	2475	
2476	2477	
2476	2478	
2478	2479	
2472	2479	
2474	2480	
2481	2482	
2475	2481	2483	
2477	2483	2484	
2480	2485	2486	
1968	2485	
2486	2487	
2488	2489	
2482	2490	
2488	2490	
2484	2491	
2492	2493	
2487	2494	
2494	2495	
2489	2495	2496	
2491	2497	
2492	2497	
60	2350	
2498	2499	
2496	2498	2500	
2500	2501	
2493	2501	
281	2245	
1826	2353	
1913	2430	
2499	2502	
1873	2388	
1994	2503	
2503	2504	
2504	2505	
295	2506	
2507	2508	
2507	2509	
2510	2511	
2510	2512	
2512	2513	2514	
2502	2505	2515	
2508	2516	
2516	2517	
2509	2511	2518	
2513	2519	2520	
313	2519	
2515	2521	
2521	2522	
2517	2523	
2523	2524	2525	
2518	2526	
2526	2527	2528	
2520	2529	
2012	2530	
2530	2531	
2522	2532	2533	
2532	2534	2535	
2524	2534	
2525	2536	
2527	2537	
2528	2538	
2538	2539	
2529	2539	2540	
2540	2541	
339	2541	
2531	2542	
2533	2542	
2535	2543	
2536	2544	
2544	2545	
2537	2545	2546	
2546	2547	
2543	2548	
2548	2549	
2549	2550	
2551	2552	
2547	2551	
2552	2553	
2553	2554	
2554	2555	
2556	2557	
2556	2558	
2558	2559	
2559	2560	
2560	2561	
2550	2562	
2562	2563	2564	
2555	2565	2566	
2039	2567	2568	
2557	2567	
2561	2569	2570	
2569	2571	
2563	2571	
2564	2572	
2572	2573	
2573	2574	
2565	2575	
2568	2576	
2570	2577	
2577	2578	
2574	2579	
2580	2581	
2580	2582	2583	
377	2575	2582	
2054	2234	2584	
2576	2584	2585	
2585	2586	
2578	2587	
2579	2581	2588	
2588	2589	
2583	2590	
2203	2591	
2586	2592	
2587	2593	
2594	2595	
2594	2596	
2589	2596	
2590	2597	
2074	2235	2598	
2598	2599	
2592	2600	2601	
2593	2600	
2595	2602	
2602	2603	2604	
2597	2605	
403	2605	2606	
2599	2607	
2601	2607	2608	
2608	2609	
2609	2610	
2611	2612	
2611	2613	
2603	2613	
2604	2614	
2614	2615	
2606	2616	
2610	2612	2617	
2615	2618	
2618	2619	
2619	2620	
2616	2620	
2617	2621	2622	
2621	2623	
2622	2624	
2625	2626	
2624	2625	2627	
2626	2628	
2628	2629	
2629	2630	
2101	2631	
2631	2632	
2632	2633	
2623	2634	
2635	2636	
2627	2635	2637	
2630	2638	
2638	2639	
2633	2640	2641	
2634	2642	2643	
2640	2642	
2636	2643	2644	
2637	2645	
2645	2646	
2639	2647	
2641	2648	
2644	2649	
2646	2650	
2647	2651	
2137	2652	
2652	2653	
2648	2653	
2649	2654	
2654	2655	
2656	2657	
2650	2656	
2658	2659	
2651	2658	
2655	2660	
2657	2661	
2659	2662	
2660	2663	
2661	2664	2665	
2664	2666	
2662	2667	
2667	2668	
2663	2669	
2670	2671	
2670	2672	
2665	2672	
2666	2673	
2668	2674	
2172	2675	
2675	2676	
2676	2677	
2677	2678	
2679	2680	
2669	2671	2679	
2673	2681	
2681	2682	
2674	2683	
2678	2684	
2680	2684	2685	
2686	2687	
2682	2686	2688	
2688	2689	
2683	2689	
2351	2514	
2018	2690	
2691	2692	
2685	2691	2693	
2693	2694	
2694	2695	
2695	2696	
2687	2697	
2690	2698	
2692	2699	
2700	2701	
2696	2700	2702	
2702	2703	
2697	2703	2704	
561	2506	2705	
2706	2707	
2698	2708	
2708	2709	
2699	2710	
2710	2711	2712	
2711	2713	
2701	2713	2714	
2704	2715	
2715	2716	
2716	2717	
2706	2718	2719	
2717	2718	
2709	2720	
2712	2721	
2714	2722	
307	2719	2723	
2591	2724	2725	
2720	2724	
2726	2727	
2726	2728	
2721	2728	2729	
2722	2730	
2730	2731	
2731	2732	
2732	2733	
2733	2734	
2734	2735	
2723	2735	
2217	2725	
2727	2736	
2729	2737	
2737	2738	
2739	2740	
2736	2739	
2738	2741	2742	
2741	2743	
2742	2744	
1986	2740	
2745	2746	
2745	2747	
2743	2746	
2744	2748	2749	
2748	2750	
2750	2751	
2751	2752	
2752	2753	
2753	2754	
2755	2756	
2747	2755	
2749	2757	
2757	2758	
2754	2759	
2705	2759	
2236	2760	
2756	2760	
2238	2761	
2242	2761	
2243	2758	
2138	2145	
514	2707	
350	2566	
